{"producer":{"name":"Blender","version":"2.79 (sub 0)","exporter_version":"5.6.4","file":"egg.babylon"},
"autoClear":true,"clearColor":[0.0509,0.0509,0.0509],"ambientColor":[0,0,0],"gravity":[0,-9.81,0],
"materials":[{"name":"egg.phong1.035","id":"egg.phong1.035","ambient":[0.5,0.5,0.5],"diffuse":[0.4,0.4,0.4],"specular":[0,0,0],"emissive":[0,0,0],"specularPower":103,"alpha":1,"backFaceCulling":true,"checkReadyOnlyOnce":false,"maxSimultaneousLights":4},
{"name":"egg.phong1.022","id":"egg.phong1.022","ambient":[0.5,0.5,0.5],"diffuse":[0.4,0.4,0.4],"specular":[0,0,0],"emissive":[0,0,0],"specularPower":103,"alpha":1,"backFaceCulling":true,"checkReadyOnlyOnce":false,"maxSimultaneousLights":4},
{"name":"egg.phong1.052","id":"egg.phong1.052","ambient":[0.5,0.5,0.5],"diffuse":[0.4,0.4,0.4],"specular":[0,0,0],"emissive":[0,0,0],"specularPower":103,"alpha":1,"backFaceCulling":true,"checkReadyOnlyOnce":false,"maxSimultaneousLights":4},
{"name":"egg.phong1.047","id":"egg.phong1.047","ambient":[0.5,0.5,0.5],"diffuse":[0.4,0.4,0.4],"specular":[0,0,0],"emissive":[0,0,0],"specularPower":103,"alpha":1,"backFaceCulling":true,"checkReadyOnlyOnce":false,"maxSimultaneousLights":4},
{"name":"egg.phong1.003","id":"egg.phong1.003","ambient":[0.5,0.5,0.5],"diffuse":[0.4,0.4,0.4],"specular":[0,0,0],"emissive":[0,0,0],"specularPower":103,"alpha":1,"backFaceCulling":true,"checkReadyOnlyOnce":false,"maxSimultaneousLights":4},
{"name":"egg.phong1.056","id":"egg.phong1.056","ambient":[0.5,0.5,0.5],"diffuse":[0.4,0.4,0.4],"specular":[0,0,0],"emissive":[0,0,0],"specularPower":103,"alpha":1,"backFaceCulling":true,"checkReadyOnlyOnce":false,"maxSimultaneousLights":4},
{"name":"egg.phong1.055","id":"egg.phong1.055","ambient":[0.5,0.5,0.5],"diffuse":[0.4,0.4,0.4],"specular":[0,0,0],"emissive":[0,0,0],"specularPower":103,"alpha":1,"backFaceCulling":true,"checkReadyOnlyOnce":false,"maxSimultaneousLights":4},
{"name":"egg.phong1.054","id":"egg.phong1.054","ambient":[0.5,0.5,0.5],"diffuse":[0.4,0.4,0.4],"specular":[0,0,0],"emissive":[0,0,0],"specularPower":103,"alpha":1,"backFaceCulling":true,"checkReadyOnlyOnce":false,"maxSimultaneousLights":4},
{"name":"egg.phong1.053","id":"egg.phong1.053","ambient":[0.5,0.5,0.5],"diffuse":[0.4,0.4,0.4],"specular":[0,0,0],"emissive":[0,0,0],"specularPower":103,"alpha":1,"backFaceCulling":true,"checkReadyOnlyOnce":false,"maxSimultaneousLights":4},
{"name":"egg.phong1.051","id":"egg.phong1.051","ambient":[0.5,0.5,0.5],"diffuse":[0.4,0.4,0.4],"specular":[0,0,0],"emissive":[0,0,0],"specularPower":103,"alpha":1,"backFaceCulling":true,"checkReadyOnlyOnce":false,"maxSimultaneousLights":4},
{"name":"egg.phong1.050","id":"egg.phong1.050","ambient":[0.5,0.5,0.5],"diffuse":[0.4,0.4,0.4],"specular":[0,0,0],"emissive":[0,0,0],"specularPower":103,"alpha":1,"backFaceCulling":true,"checkReadyOnlyOnce":false,"maxSimultaneousLights":4},
{"name":"egg.phong1.049","id":"egg.phong1.049","ambient":[0.5,0.5,0.5],"diffuse":[0.4,0.4,0.4],"specular":[0,0,0],"emissive":[0,0,0],"specularPower":103,"alpha":1,"backFaceCulling":true,"checkReadyOnlyOnce":false,"maxSimultaneousLights":4},
{"name":"egg.phong1.048","id":"egg.phong1.048","ambient":[0.5,0.5,0.5],"diffuse":[0.4,0.4,0.4],"specular":[0,0,0],"emissive":[0,0,0],"specularPower":103,"alpha":1,"backFaceCulling":true,"checkReadyOnlyOnce":false,"maxSimultaneousLights":4},
{"name":"egg.phong1.007","id":"egg.phong1.007","ambient":[0.5,0.5,0.5],"diffuse":[0.4,0.4,0.4],"specular":[0,0,0],"emissive":[0,0,0],"specularPower":103,"alpha":1,"backFaceCulling":true,"checkReadyOnlyOnce":false,"maxSimultaneousLights":4},
{"name":"egg.phong1.044","id":"egg.phong1.044","ambient":[0.5,0.5,0.5],"diffuse":[0.4,0.4,0.4],"specular":[0,0,0],"emissive":[0,0,0],"specularPower":103,"alpha":1,"backFaceCulling":true,"checkReadyOnlyOnce":false,"maxSimultaneousLights":4},
{"name":"egg.phong1.043","id":"egg.phong1.043","ambient":[0.5,0.5,0.5],"diffuse":[0.4,0.4,0.4],"specular":[0,0,0],"emissive":[0,0,0],"specularPower":103,"alpha":1,"backFaceCulling":true,"checkReadyOnlyOnce":false,"maxSimultaneousLights":4},
{"name":"egg.phong1.042","id":"egg.phong1.042","ambient":[0.5,0.5,0.5],"diffuse":[0.4,0.4,0.4],"specular":[0,0,0],"emissive":[0,0,0],"specularPower":103,"alpha":1,"backFaceCulling":true,"checkReadyOnlyOnce":false,"maxSimultaneousLights":4},
{"name":"egg.phong1.041","id":"egg.phong1.041","ambient":[0.5,0.5,0.5],"diffuse":[0.4,0.4,0.4],"specular":[0,0,0],"emissive":[0,0,0],"specularPower":103,"alpha":1,"backFaceCulling":true,"checkReadyOnlyOnce":false,"maxSimultaneousLights":4},
{"name":"egg.phong1.039","id":"egg.phong1.039","ambient":[0.5,0.5,0.5],"diffuse":[0.4,0.4,0.4],"specular":[0,0,0],"emissive":[0,0,0],"specularPower":103,"alpha":1,"backFaceCulling":true,"checkReadyOnlyOnce":false,"maxSimultaneousLights":4},
{"name":"egg.phong1.037","id":"egg.phong1.037","ambient":[0.5,0.5,0.5],"diffuse":[0.4,0.4,0.4],"specular":[0,0,0],"emissive":[0,0,0],"specularPower":103,"alpha":1,"backFaceCulling":true,"checkReadyOnlyOnce":false,"maxSimultaneousLights":4},
{"name":"egg.phong1.036","id":"egg.phong1.036","ambient":[0.5,0.5,0.5],"diffuse":[0.4,0.4,0.4],"specular":[0,0,0],"emissive":[0,0,0],"specularPower":103,"alpha":1,"backFaceCulling":true,"checkReadyOnlyOnce":false,"maxSimultaneousLights":4},
{"name":"egg.phong1.034","id":"egg.phong1.034","ambient":[0.5,0.5,0.5],"diffuse":[0.4,0.4,0.4],"specular":[0,0,0],"emissive":[0,0,0],"specularPower":103,"alpha":1,"backFaceCulling":true,"checkReadyOnlyOnce":false,"maxSimultaneousLights":4},
{"name":"egg.phong1.033","id":"egg.phong1.033","ambient":[0.5,0.5,0.5],"diffuse":[0.4,0.4,0.4],"specular":[0,0,0],"emissive":[0,0,0],"specularPower":103,"alpha":1,"backFaceCulling":true,"checkReadyOnlyOnce":false,"maxSimultaneousLights":4},
{"name":"egg.phong1.032","id":"egg.phong1.032","ambient":[0.5,0.5,0.5],"diffuse":[0.4,0.4,0.4],"specular":[0,0,0],"emissive":[0,0,0],"specularPower":103,"alpha":1,"backFaceCulling":true,"checkReadyOnlyOnce":false,"maxSimultaneousLights":4},
{"name":"egg.phong1.031","id":"egg.phong1.031","ambient":[0.5,0.5,0.5],"diffuse":[0.4,0.4,0.4],"specular":[0,0,0],"emissive":[0,0,0],"specularPower":103,"alpha":1,"backFaceCulling":true,"checkReadyOnlyOnce":false,"maxSimultaneousLights":4},
{"name":"egg.phong1.030","id":"egg.phong1.030","ambient":[0.5,0.5,0.5],"diffuse":[0.4,0.4,0.4],"specular":[0,0,0],"emissive":[0,0,0],"specularPower":103,"alpha":1,"backFaceCulling":true,"checkReadyOnlyOnce":false,"maxSimultaneousLights":4},
{"name":"egg.phong1.029","id":"egg.phong1.029","ambient":[0.5,0.5,0.5],"diffuse":[0.4,0.4,0.4],"specular":[0,0,0],"emissive":[0,0,0],"specularPower":103,"alpha":1,"backFaceCulling":true,"checkReadyOnlyOnce":false,"maxSimultaneousLights":4},
{"name":"egg.phong1.028","id":"egg.phong1.028","ambient":[0.5,0.5,0.5],"diffuse":[0.4,0.4,0.4],"specular":[0,0,0],"emissive":[0,0,0],"specularPower":103,"alpha":1,"backFaceCulling":true,"checkReadyOnlyOnce":false,"maxSimultaneousLights":4},
{"name":"egg.phong1.027","id":"egg.phong1.027","ambient":[0.5,0.5,0.5],"diffuse":[0.4,0.4,0.4],"specular":[0,0,0],"emissive":[0,0,0],"specularPower":103,"alpha":1,"backFaceCulling":true,"checkReadyOnlyOnce":false,"maxSimultaneousLights":4},
{"name":"egg.phong1.058","id":"egg.phong1.058","ambient":[0.5,0.5,0.5],"diffuse":[0.4,0.4,0.4],"specular":[0,0,0],"emissive":[0,0,0],"specularPower":103,"alpha":1,"backFaceCulling":true,"checkReadyOnlyOnce":false,"maxSimultaneousLights":4},
{"name":"egg.phong1.025","id":"egg.phong1.025","ambient":[0.5,0.5,0.5],"diffuse":[0.4,0.4,0.4],"specular":[0,0,0],"emissive":[0,0,0],"specularPower":103,"alpha":1,"backFaceCulling":true,"checkReadyOnlyOnce":false,"maxSimultaneousLights":4},
{"name":"egg.phong1.024","id":"egg.phong1.024","ambient":[0.5,0.5,0.5],"diffuse":[0.4,0.4,0.4],"specular":[0,0,0],"emissive":[0,0,0],"specularPower":103,"alpha":1,"backFaceCulling":true,"checkReadyOnlyOnce":false,"maxSimultaneousLights":4},
{"name":"egg.standard.001","id":"egg.standard.001","ambient":[0.8,0.8,0.8],"diffuse":[0.8,0.8,0.8],"specular":[0,0,0],"emissive":[0,0,0],"specularPower":50,"alpha":1,"backFaceCulling":true,"checkReadyOnlyOnce":false,"maxSimultaneousLights":4},
{"name":"egg.phong1.023","id":"egg.phong1.023","ambient":[0.5,0.5,0.5],"diffuse":[0.4,0.4,0.4],"specular":[0,0,0],"emissive":[0,0,0],"specularPower":103,"alpha":1,"backFaceCulling":true,"checkReadyOnlyOnce":false,"maxSimultaneousLights":4},
{"name":"egg.phong1.020","id":"egg.phong1.020","ambient":[0.5,0.5,0.5],"diffuse":[0.4,0.4,0.4],"specular":[0,0,0],"emissive":[0,0,0],"specularPower":103,"alpha":1,"backFaceCulling":true,"checkReadyOnlyOnce":false,"maxSimultaneousLights":4},
{"name":"egg.phong1.005","id":"egg.phong1.005","ambient":[0.5,0.5,0.5],"diffuse":[0.4,0.4,0.4],"specular":[0,0,0],"emissive":[0,0,0],"specularPower":103,"alpha":1,"backFaceCulling":true,"checkReadyOnlyOnce":false,"maxSimultaneousLights":4},
{"name":"egg.phong1.018","id":"egg.phong1.018","ambient":[0.5,0.5,0.5],"diffuse":[0.4,0.4,0.4],"specular":[0,0,0],"emissive":[0,0,0],"specularPower":103,"alpha":1,"backFaceCulling":true,"checkReadyOnlyOnce":false,"maxSimultaneousLights":4},
{"name":"egg.phong1.017","id":"egg.phong1.017","ambient":[0.5,0.5,0.5],"diffuse":[0.4,0.4,0.4],"specular":[0,0,0],"emissive":[0,0,0],"specularPower":103,"alpha":1,"backFaceCulling":true,"checkReadyOnlyOnce":false,"maxSimultaneousLights":4},
{"name":"egg.phong1.016","id":"egg.phong1.016","ambient":[0.5,0.5,0.5],"diffuse":[0.4,0.4,0.4],"specular":[0,0,0],"emissive":[0,0,0],"specularPower":103,"alpha":1,"backFaceCulling":true,"checkReadyOnlyOnce":false,"maxSimultaneousLights":4},
{"name":"egg.phong1.015","id":"egg.phong1.015","ambient":[0.5,0.5,0.5],"diffuse":[0.4,0.4,0.4],"specular":[0,0,0],"emissive":[0,0,0],"specularPower":103,"alpha":1,"backFaceCulling":true,"checkReadyOnlyOnce":false,"maxSimultaneousLights":4},
{"name":"egg.phong1.014","id":"egg.phong1.014","ambient":[0.5,0.5,0.5],"diffuse":[0.4,0.4,0.4],"specular":[0,0,0],"emissive":[0,0,0],"specularPower":103,"alpha":1,"backFaceCulling":true,"checkReadyOnlyOnce":false,"maxSimultaneousLights":4},
{"name":"egg.phong1.013","id":"egg.phong1.013","ambient":[0.5,0.5,0.5],"diffuse":[0.4,0.4,0.4],"specular":[0,0,0],"emissive":[0,0,0],"specularPower":103,"alpha":1,"backFaceCulling":true,"checkReadyOnlyOnce":false,"maxSimultaneousLights":4},
{"name":"egg.phong1.012","id":"egg.phong1.012","ambient":[0.5,0.5,0.5],"diffuse":[0.4,0.4,0.4],"specular":[0,0,0],"emissive":[0,0,0],"specularPower":103,"alpha":1,"backFaceCulling":true,"checkReadyOnlyOnce":false,"maxSimultaneousLights":4},
{"name":"egg.phong1.010","id":"egg.phong1.010","ambient":[0.5,0.5,0.5],"diffuse":[0.4,0.4,0.4],"specular":[0,0,0],"emissive":[0,0,0],"specularPower":103,"alpha":1,"backFaceCulling":true,"checkReadyOnlyOnce":false,"maxSimultaneousLights":4},
{"name":"egg.phong1.006","id":"egg.phong1.006","ambient":[0.5,0.5,0.5],"diffuse":[0.4,0.4,0.4],"specular":[0,0,0],"emissive":[0,0,0],"specularPower":103,"alpha":1,"backFaceCulling":true,"checkReadyOnlyOnce":false,"maxSimultaneousLights":4},
{"name":"egg.phong1.004","id":"egg.phong1.004","ambient":[0.5,0.5,0.5],"diffuse":[0.4,0.4,0.4],"specular":[0,0,0],"emissive":[0,0,0],"specularPower":103,"alpha":1,"backFaceCulling":true,"checkReadyOnlyOnce":false,"maxSimultaneousLights":4},
{"name":"egg.standard","id":"egg.standard","ambient":[0.8,0.8,0.8],"diffuse":[0.8,0.8,0.8],"specular":[0,0,0],"emissive":[0,0,0],"specularPower":50,"alpha":1,"backFaceCulling":true,"checkReadyOnlyOnce":false,"maxSimultaneousLights":4},
{"name":"egg.phong1.008","id":"egg.phong1.008","ambient":[0.5,0.5,0.5],"diffuse":[0.4,0.4,0.4],"specular":[0,0,0],"emissive":[0,0,0],"specularPower":103,"alpha":1,"backFaceCulling":true,"checkReadyOnlyOnce":false,"maxSimultaneousLights":4},
{"name":"egg.phong1.019","id":"egg.phong1.019","ambient":[0.5,0.5,0.5],"diffuse":[0.4,0.4,0.4],"specular":[0,0,0],"emissive":[0,0,0],"specularPower":103,"alpha":1,"backFaceCulling":true,"checkReadyOnlyOnce":false,"maxSimultaneousLights":4},
{"name":"egg.phong1.046","id":"egg.phong1.046","ambient":[0.5,0.5,0.5],"diffuse":[0.4,0.4,0.4],"specular":[0,0,0],"emissive":[0,0,0],"specularPower":103,"alpha":1,"backFaceCulling":true,"checkReadyOnlyOnce":false,"maxSimultaneousLights":4},
{"name":"egg.phong1.009","id":"egg.phong1.009","ambient":[0.5,0.5,0.5],"diffuse":[0.4,0.4,0.4],"specular":[0,0,0],"emissive":[0,0,0],"specularPower":103,"alpha":1,"backFaceCulling":true,"checkReadyOnlyOnce":false,"maxSimultaneousLights":4},
{"name":"egg.phong1.060","id":"egg.phong1.060","ambient":[0.5,0.5,0.5],"diffuse":[0.4,0.4,0.4],"specular":[0,0,0],"emissive":[0,0,0],"specularPower":103,"alpha":1,"backFaceCulling":true,"checkReadyOnlyOnce":false,"maxSimultaneousLights":4},
{"name":"egg.phong1.062","id":"egg.phong1.062","ambient":[0.5,0.5,0.5],"diffuse":[0.4,0.4,0.4],"specular":[0,0,0],"emissive":[0,0,0],"specularPower":103,"alpha":1,"backFaceCulling":true,"checkReadyOnlyOnce":false,"maxSimultaneousLights":4},
{"name":"egg.phong1.001","id":"egg.phong1.001","ambient":[0.5,0.5,0.5],"diffuse":[0.4,0.4,0.4],"specular":[0,0,0],"emissive":[0,0,0],"specularPower":103,"alpha":1,"backFaceCulling":true,"checkReadyOnlyOnce":false,"maxSimultaneousLights":4},
{"name":"egg.phong1.057","id":"egg.phong1.057","ambient":[0.5,0.5,0.5],"diffuse":[0.4,0.4,0.4],"specular":[0,0,0],"emissive":[0,0,0],"specularPower":103,"alpha":1,"backFaceCulling":true,"checkReadyOnlyOnce":false,"maxSimultaneousLights":4},
{"name":"egg.phong1.045","id":"egg.phong1.045","ambient":[0.5,0.5,0.5],"diffuse":[0.4,0.4,0.4],"specular":[0,0,0],"emissive":[0,0,0],"specularPower":103,"alpha":1,"backFaceCulling":true,"checkReadyOnlyOnce":false,"maxSimultaneousLights":4},
{"name":"egg.phong1.040","id":"egg.phong1.040","ambient":[0.5,0.5,0.5],"diffuse":[0.4,0.4,0.4],"specular":[0,0,0],"emissive":[0,0,0],"specularPower":103,"alpha":1,"backFaceCulling":true,"checkReadyOnlyOnce":false,"maxSimultaneousLights":4},
{"name":"egg.phong1.038","id":"egg.phong1.038","ambient":[0.5,0.5,0.5],"diffuse":[0.4,0.4,0.4],"specular":[0,0,0],"emissive":[0,0,0],"specularPower":103,"alpha":1,"backFaceCulling":true,"checkReadyOnlyOnce":false,"maxSimultaneousLights":4},
{"name":"egg.phong1.011","id":"egg.phong1.011","ambient":[0.5,0.5,0.5],"diffuse":[0.4,0.4,0.4],"specular":[0,0,0],"emissive":[0,0,0],"specularPower":103,"alpha":1,"backFaceCulling":true,"checkReadyOnlyOnce":false,"maxSimultaneousLights":4},
{"name":"egg.phong1.002","id":"egg.phong1.002","ambient":[0.5,0.5,0.5],"diffuse":[0.4,0.4,0.4],"specular":[0,0,0],"emissive":[0,0,0],"specularPower":103,"alpha":1,"backFaceCulling":true,"checkReadyOnlyOnce":false,"maxSimultaneousLights":4},
{"name":"egg.phong1","id":"egg.phong1","ambient":[0.5,0.5,0.5],"diffuse":[0.4,0.4,0.4],"specular":[0,0,0],"emissive":[0,0,0],"specularPower":103,"alpha":1,"backFaceCulling":true,"checkReadyOnlyOnce":false,"maxSimultaneousLights":4},
{"name":"egg.default.003","id":"egg.default.003","ambient":[0.6048,0.6228,0.5315],"diffuse":[0.7899,0.8133,0.694],"specular":[0,0,0],"emissive":[0,0,0],"specularPower":1,"alpha":1,"backFaceCulling":true,"checkReadyOnlyOnce":false,"maxSimultaneousLights":4},
{"name":"egg.default.005","id":"egg.default.005","ambient":[0.6048,0.6228,0.5315],"diffuse":[0.7899,0.8133,0.694],"specular":[0,0,0],"emissive":[0,0,0],"specularPower":1,"alpha":1,"backFaceCulling":true,"checkReadyOnlyOnce":false,"maxSimultaneousLights":4},
{"name":"egg.default","id":"egg.default","ambient":[0.6048,0.6228,0.5315],"diffuse":[0.7899,0.8133,0.694],"specular":[0,0,0],"emissive":[0,0,0],"specularPower":1,"alpha":1,"backFaceCulling":true,"checkReadyOnlyOnce":false,"maxSimultaneousLights":4}],
"multiMaterials":[],
"skeletons":[{"name":"eggSkeleton","id":0,"dimensionsAtRest":[0.5,0.1,0.5],"bones":[
{"name":"gripHand","index":0,"matrix":[1,-0.0001,0,0,0,0,1,0,0.0001,1,0,0,0.25,-0.0595,0.1993,1],"rest":[1,-0.0001,0,0,0,0,1,0,0.0001,1,0,0,0.25,0,0,1],"parentBoneIndex":-1,"length":0.1
,"animation":{"dataType":3,"framePerSecond":60,"keys":[
{"frame":0,"values":[1,-0.0001,0,0,0,0,1,0,0.0001,1,0,0,0.25,-0.0827,0.2924,1]},
{"frame":1,"values":[1,-0.0001,0,0,0,0.055,0.9985,0,0.0001,0.9985,-0.055,0,0.25,-0.081,0.2759,1]},
{"frame":2,"values":[1,-0.0001,0,0,0,0.0501,0.9987,0,0.0001,0.9987,-0.0501,0,0.25,-0.0812,0.2774,1]},
{"frame":3,"values":[1,-0.0001,0,0,0,0.0363,0.9993,0,0.0001,0.9993,-0.0363,0,0.25,-0.0816,0.2815,1]},
{"frame":4,"values":[1,-0.0001,0,0,0,0.0187,0.9998,0,0.0001,0.9998,-0.0187,0,0.25,-0.0821,0.2868,1]},
{"frame":5,"values":[1,-0.0001,0,0,0,0.0049,1,0,0.0001,1,-0.0049,0,0.25,-0.0825,0.2909,1]},
{"frame":6,"values":[1,-0.0001,0,0,0,0,1,0,0.0001,1,0,0,0.25,-0.0827,0.2924,1]},
{"frame":20,"values":[1,-0.0001,0,0,0,0,1,0,0.0001,1,0,0,0.25,-0.0827,0.2924,1]},
{"frame":21,"values":[1,-0.0043,0.0058,0,-0.0058,0.0036,1,0,0.0043,1,-0.0036,0,0.25,-0.0826,0.2924,1]},
{"frame":22,"values":[0.9996,-0.0171,0.0236,0,-0.0234,0.0146,0.9996,0,0.0174,0.9997,-0.0142,0,0.25,-0.0823,0.2924,1]},
{"frame":23,"values":[0.9978,-0.0379,0.0537,0,-0.0524,0.033,0.9981,0,0.0396,0.9987,-0.031,0,0.25,-0.0817,0.2924,1]},
{"frame":24,"values":[0.9933,-0.0653,0.0949,0,-0.0912,0.0583,0.9941,0,0.0704,0.9962,-0.052,0,0.25,-0.0809,0.2924,1]},
{"frame":25,"values":[0.9848,-0.0963,0.1444,0,-0.1361,0.0885,0.9867,0,0.1079,0.9914,-0.0741,0,0.25,-0.0798,0.2924,1]},
{"frame":26,"values":[0.9719,-0.1278,0.1976,0,-0.1825,0.1207,0.9758,0,0.1485,0.9844,-0.094,0,0.25,-0.0784,0.2924,1]},
{"frame":27,"values":[0.9557,-0.1566,0.2493,0,-0.2262,0.1512,0.9623,0,0.1883,0.976,-0.109,0,0.25,-0.0769,0.2924,1]},
{"frame":28,"values":[0.9382,-0.181,0.2951,0,-0.2641,0.1767,0.9482,0,0.2237,0.9675,-0.118,0,0.25,-0.0752,0.2924,1]},
{"frame":29,"values":[0.9216,-0.2004,0.3323,0,-0.2948,0.1952,0.9354,0,0.2523,0.9601,-0.1208,0,0.25,-0.0735,0.2924,1]},
{"frame":30,"values":[0.9079,-0.215,0.3598,0,-0.3181,0.2056,0.9255,0,0.273,0.9547,-0.1183,0,0.25,-0.0717,0.2924,1]},
{"frame":31,"values":[0.8967,-0.2254,0.381,0,-0.3367,0.2113,0.9176,0,0.2873,0.9511,-0.1135,0,0.25,-0.0697,0.2924,1]},
{"frame":32,"values":[0.8878,-0.2316,0.3978,0,-0.3519,0.2154,0.9109,0,0.2966,0.9487,-0.1097,0,0.25,-0.0672,0.2924,1]},
{"frame":33,"values":[0.8819,-0.2346,0.4089,0,-0.3622,0.2179,0.9063,0,0.3018,0.9473,-0.1072,0,0.25,-0.0644,0.2924,1]},
{"frame":34,"values":[0.8786,-0.2371,0.4146,0,-0.3673,0.2196,0.9038,0,0.3054,0.9463,-0.1058,0,0.25,-0.0619,0.2924,1]},
{"frame":35,"values":[0.8765,-0.2412,0.4167,0,-0.3684,0.2212,0.903,0,0.3099,0.9449,-0.105,0,0.25,-0.0599,0.2924,1]},
{"frame":36,"values":[0.8747,-0.2462,0.4176,0,-0.3681,0.223,0.9026,0,0.3153,0.9432,-0.1044,0,0.25,-0.0582,0.2924,1]},
{"frame":37,"values":[0.8729,-0.2511,0.4184,0,-0.3678,0.2249,0.9023,0,0.3207,0.9415,-0.1039,0,0.2499,-0.0566,0.2924,1]},
{"frame":38,"values":[0.8711,-0.2559,0.4192,0,-0.3674,0.2267,0.902,0,0.3259,0.9397,-0.1035,0,0.2498,-0.0549,0.2924,1]},
{"frame":39,"values":[0.8693,-0.2606,0.4199,0,-0.367,0.2286,0.9017,0,0.331,0.938,-0.1031,0,0.2497,-0.0533,0.2924,1]},
{"frame":40,"values":[0.8676,-0.2652,0.4206,0,-0.3666,0.2305,0.9014,0,0.336,0.9362,-0.1027,0,0.2496,-0.0517,0.2924,1]},
{"frame":41,"values":[0.8659,-0.2698,0.4213,0,-0.3661,0.2323,0.9011,0,0.341,0.9345,-0.1024,0,0.2494,-0.0501,0.2924,1]},
{"frame":42,"values":[0.8642,-0.2742,0.422,0,-0.3656,0.2342,0.9008,0,0.3458,0.9327,-0.1021,0,0.2492,-0.0486,0.2924,1]},
{"frame":43,"values":[0.8624,-0.2786,0.4226,0,-0.365,0.2361,0.9006,0,0.3506,0.931,-0.1019,0,0.249,-0.0471,0.2924,1]},
{"frame":44,"values":[0.8608,-0.2829,0.4232,0,-0.3645,0.2379,0.9003,0,0.3553,0.9292,-0.1017,0,0.2488,-0.0456,0.2924,1]},
{"frame":45,"values":[0.8591,-0.2871,0.4238,0,-0.3639,0.2397,0.9001,0,0.36,0.9274,-0.1015,0,0.2485,-0.0441,0.2924,1]},
{"frame":46,"values":[0.8574,-0.2913,0.4243,0,-0.3633,0.2415,0.8998,0,0.3646,0.9256,-0.1013,0,0.2483,-0.0426,0.2924,1]},
{"frame":47,"values":[0.8557,-0.2953,0.4249,0,-0.3627,0.2433,0.8996,0,0.3691,0.9239,-0.1011,0,0.248,-0.0412,0.2924,1]},
{"frame":48,"values":[0.8541,-0.2994,0.4254,0,-0.362,0.2451,0.8994,0,0.3735,0.9221,-0.1009,0,0.2477,-0.0398,0.2924,1]},
{"frame":49,"values":[0.8524,-0.3034,0.4259,0,-0.3614,0.2469,0.8991,0,0.3779,0.9203,-0.1008,0,0.2474,-0.0385,0.2924,1]},
{"frame":50,"values":[0.8508,-0.3073,0.4264,0,-0.3608,0.2486,0.8989,0,0.3822,0.9186,-0.1006,0,0.2471,-0.0372,0.2924,1]},
{"frame":51,"values":[0.8491,-0.3111,0.4269,0,-0.3601,0.2503,0.8987,0,0.3864,0.9168,-0.1005,0,0.2468,-0.0359,0.2924,1]},
{"frame":52,"values":[0.8475,-0.3149,0.4273,0,-0.3594,0.2519,0.8985,0,0.3906,0.9151,-0.1003,0,0.2464,-0.0346,0.2924,1]},
{"frame":53,"values":[0.8459,-0.3187,0.4278,0,-0.3588,0.2536,0.8983,0,0.3947,0.9133,-0.1002,0,0.2461,-0.0334,0.2924,1]},
{"frame":54,"values":[0.8443,-0.3223,0.4282,0,-0.3581,0.2552,0.8981,0,0.3988,0.9116,-0.1,0,0.2457,-0.0322,0.2924,1]},
{"frame":55,"values":[0.8427,-0.326,0.4286,0,-0.3574,0.2567,0.898,0,0.4027,0.9099,-0.0998,0,0.2453,-0.031,0.2924,1]},
{"frame":56,"values":[0.8411,-0.3295,0.429,0,-0.3567,0.2583,0.8978,0,0.4067,0.9081,-0.0997,0,0.2449,-0.0299,0.2924,1]},
{"frame":57,"values":[0.8395,-0.3331,0.4293,0,-0.356,0.2598,0.8976,0,0.4105,0.9064,-0.0995,0,0.2445,-0.0288,0.2924,1]},
{"frame":58,"values":[0.8379,-0.3365,0.4297,0,-0.3553,0.2613,0.8975,0,0.4143,0.9047,-0.0993,0,0.2441,-0.0278,0.2924,1]},
{"frame":59,"values":[0.8364,-0.3399,0.4301,0,-0.3546,0.2627,0.8973,0,0.418,0.903,-0.0991,0,0.2436,-0.0268,0.2924,1]},
{"frame":60,"values":[0.8348,-0.3433,0.4304,0,-0.354,0.2641,0.8972,0,0.4217,0.9013,-0.0989,0,0.2432,-0.0258,0.2924,1]},
{"frame":61,"values":[0.8333,-0.3466,0.4307,0,-0.3533,0.2654,0.8971,0,0.4253,0.8997,-0.0987,0,0.2427,-0.0249,0.2924,1]},
{"frame":62,"values":[0.8318,-0.3499,0.431,0,-0.3526,0.2667,0.897,0,0.4288,0.898,-0.0985,0,0.2423,-0.024,0.2924,1]},
{"frame":63,"values":[0.8303,-0.3531,0.4313,0,-0.3519,0.268,0.8969,0,0.4322,0.8964,-0.0983,0,0.2418,-0.0231,0.2924,1]},
{"frame":64,"values":[0.8288,-0.3562,0.4315,0,-0.3512,0.2692,0.8967,0,0.4356,0.8948,-0.098,0,0.2413,-0.0223,0.2924,1]},
{"frame":65,"values":[0.8273,-0.3593,0.4318,0,-0.3505,0.2704,0.8967,0,0.439,0.8932,-0.0978,0,0.2408,-0.0215,0.2924,1]},
{"frame":66,"values":[0.8259,-0.3624,0.432,0,-0.3499,0.2716,0.8966,0,0.4422,0.8916,-0.0975,0,0.2403,-0.0208,0.2924,1]},
{"frame":67,"values":[0.8244,-0.3654,0.4323,0,-0.3492,0.2727,0.8965,0,0.4454,0.89,-0.0972,0,0.2398,-0.0201,0.2924,1]},
{"frame":68,"values":[0.823,-0.3683,0.4325,0,-0.3486,0.2737,0.8964,0,0.4485,0.8885,-0.0969,0,0.2392,-0.0194,0.2924,1]},
{"frame":69,"values":[0.8216,-0.3712,0.4327,0,-0.3479,0.2747,0.8964,0,0.4516,0.887,-0.0966,0,0.2387,-0.0188,0.2924,1]},
{"frame":70,"values":[0.8202,-0.374,0.4328,0,-0.3473,0.2757,0.8963,0,0.4546,0.8855,-0.0962,0,0.2381,-0.0183,0.2924,1]},
{"frame":71,"values":[0.8189,-0.3768,0.433,0,-0.3467,0.2766,0.8963,0,0.4575,0.884,-0.0959,0,0.2376,-0.0178,0.2924,1]},
{"frame":72,"values":[0.8175,-0.3795,0.4331,0,-0.346,0.2774,0.8963,0,0.4603,0.8826,-0.0955,0,0.237,-0.0173,0.2924,1]},
{"frame":73,"values":[0.8162,-0.3822,0.4333,0,-0.3455,0.2782,0.8962,0,0.4631,0.8812,-0.0951,0,0.2364,-0.0169,0.2924,1]},
{"frame":74,"values":[0.8149,-0.3849,0.4334,0,-0.3449,0.279,0.8962,0,0.4658,0.8798,-0.0946,0,0.2358,-0.0165,0.2924,1]},
{"frame":75,"values":[0.8136,-0.3874,0.4335,0,-0.3443,0.2797,0.8962,0,0.4685,0.8785,-0.0942,0,0.2352,-0.0162,0.2924,1]},
{"frame":76,"values":[0.8124,-0.3899,0.4335,0,-0.3437,0.2803,0.8962,0,0.471,0.8771,-0.0937,0,0.2346,-0.016,0.2924,1]},
{"frame":77,"values":[0.8112,-0.3924,0.4336,0,-0.3432,0.2809,0.8963,0,0.4735,0.8759,-0.0932,0,0.2339,-0.0158,0.2924,1]},
{"frame":78,"values":[0.81,-0.3948,0.4336,0,-0.3427,0.2814,0.8963,0,0.4759,0.8746,-0.0927,0,0.2333,-0.0156,0.2924,1]},
{"frame":79,"values":[0.8088,-0.3971,0.4337,0,-0.3422,0.2819,0.8964,0,0.4782,0.8734,-0.0921,0,0.2326,-0.0155,0.2924,1]},
{"frame":80,"values":[0.8077,-0.3994,0.4337,0,-0.3417,0.2823,0.8964,0,0.4805,0.8722,-0.0915,0,0.2319,-0.0155,0.2924,1]},
{"frame":81,"values":[0.8066,-0.4018,0.4336,0,-0.3414,0.2821,0.8966,0,0.4825,0.8712,-0.0904,0,0.2311,-0.0159,0.2924,1]},
{"frame":82,"values":[0.8056,-0.4042,0.4332,0,-0.3414,0.2808,0.897,0,0.4842,0.8705,-0.0882,0,0.2301,-0.017,0.2926,1]},
{"frame":83,"values":[0.8046,-0.4068,0.4325,0,-0.3419,0.2783,0.8976,0,0.4855,0.8701,-0.0848,0,0.2288,-0.0189,0.2928,1]},
{"frame":84,"values":[0.8038,-0.4094,0.4316,0,-0.3426,0.2745,0.8985,0,0.4863,0.8701,-0.0804,0,0.2275,-0.0214,0.293,1]},
{"frame":85,"values":[0.8031,-0.412,0.4304,0,-0.3437,0.2697,0.8995,0,0.4867,0.8704,-0.075,0,0.2261,-0.0242,0.2933,1]},
{"frame":86,"values":[0.8027,-0.4144,0.4289,0,-0.3449,0.2641,0.9007,0,0.4866,0.8709,-0.0691,0,0.2248,-0.0271,0.2936,1]},
{"frame":87,"values":[0.8024,-0.4166,0.4273,0,-0.3463,0.2582,0.9019,0,0.4861,0.8716,-0.0629,0,0.2237,-0.0295,0.2939,1]},
{"frame":88,"values":[0.8023,-0.4186,0.4256,0,-0.3476,0.2522,0.9031,0,0.4854,0.8725,-0.0568,0,0.2229,-0.0315,0.2941,1]},
{"frame":89,"values":[0.8023,-0.4203,0.4239,0,-0.3487,0.2464,0.9043,0,0.4845,0.8733,-0.0511,0,0.2224,-0.0326,0.2942,1]},
{"frame":90,"values":[0.8024,-0.4217,0.4222,0,-0.3497,0.241,0.9053,0,0.4835,0.8741,-0.0459,0,0.2223,-0.033,0.2942,1]},
{"frame":91,"values":[0.8039,-0.4217,0.4193,0,-0.3496,0.2353,0.9069,0,0.4811,0.8757,-0.0417,0,0.224,-0.029,0.2941,1]},
{"frame":92,"values":[0.808,-0.4192,0.414,0,-0.3475,0.2283,0.9095,0,0.4758,0.8787,-0.0388,0,0.2267,-0.025,0.2938,1]},
{"frame":93,"values":[0.8147,-0.414,0.4061,0,-0.3433,0.2201,0.9131,0,0.4674,0.8833,-0.0372,0,0.2283,-0.0257,0.2937,1]},
{"frame":94,"values":[0.8238,-0.4061,0.3957,0,-0.3369,0.2106,0.9177,0,0.456,0.8892,-0.0367,0,0.2299,-0.0273,0.2936,1]},
{"frame":95,"values":[0.8351,-0.3953,0.3826,0,-0.3283,0.2,0.9231,0,0.4414,0.8965,-0.0372,0,0.2315,-0.0294,0.2935,1]},
{"frame":96,"values":[0.8483,-0.3817,0.3671,0,-0.3174,0.1884,0.9294,0,0.4238,0.9049,-0.0387,0,0.233,-0.0319,0.2934,1]},
{"frame":97,"values":[0.8631,-0.3651,0.3489,0,-0.3041,0.1758,0.9363,0,0.4032,0.9142,-0.0407,0,0.2345,-0.0346,0.2933,1]},
{"frame":98,"values":[0.8789,-0.3458,0.3284,0,-0.2886,0.1627,0.9435,0,0.3797,0.9241,-0.0432,0,0.236,-0.0374,0.2932,1]},
{"frame":99,"values":[0.8953,-0.3238,0.3058,0,-0.2709,0.1491,0.951,0,0.3535,0.9343,-0.0457,0,0.2374,-0.0403,0.2931,1]},
{"frame":100,"values":[0.9117,-0.2995,0.2812,0,-0.2511,0.1353,0.9584,0,0.3251,0.9445,-0.0481,0,0.2387,-0.0433,0.293,1]},
{"frame":101,"values":[0.9275,-0.2731,0.2551,0,-0.2297,0.1216,0.9656,0,0.2947,0.9543,-0.0501,0,0.24,-0.0463,0.2929,1]},
{"frame":102,"values":[0.9423,-0.2452,0.228,0,-0.2071,0.1083,0.9723,0,0.2632,0.9634,-0.0513,0,0.2412,-0.0493,0.2929,1]},
{"frame":103,"values":[0.9555,-0.2165,0.2004,0,-0.1835,0.0956,0.9784,0,0.231,0.9716,-0.0517,0,0.2424,-0.0523,0.2928,1]},
{"frame":104,"values":[0.9669,-0.1874,0.1729,0,-0.1597,0.0837,0.9836,0,0.1988,0.9787,-0.051,0,0.2435,-0.0553,0.2927,1]},
{"frame":105,"values":[0.9764,-0.1588,0.1462,0,-0.1361,0.0727,0.988,0,0.1675,0.9846,-0.0493,0,0.2445,-0.0583,0.2927,1]},
{"frame":106,"values":[0.984,-0.1312,0.1206,0,-0.1132,0.0625,0.9916,0,0.1377,0.9894,-0.0467,0,0.2454,-0.0612,0.2926,1]},
{"frame":107,"values":[0.9897,-0.1053,0.0969,0,-0.0916,0.0533,0.9944,0,0.1099,0.993,-0.0431,0,0.2463,-0.064,0.2926,1]},
{"frame":108,"values":[0.9938,-0.0816,0.0752,0,-0.0717,0.0449,0.9964,0,0.0847,0.9957,-0.0388,0,0.2471,-0.0668,0.2925,1]},
{"frame":109,"values":[0.9966,-0.0604,0.0561,0,-0.0539,0.0373,0.9979,0,0.0624,0.9975,-0.0339,0,0.2478,-0.0694,0.2925,1]},
{"frame":110,"values":[0.9983,-0.0422,0.0396,0,-0.0383,0.0302,0.9988,0,0.0433,0.9987,-0.0285,0,0.2485,-0.072,0.2925,1]},
{"frame":111,"values":[0.9993,-0.0271,0.0259,0,-0.0253,0.0236,0.9994,0,0.0277,0.9994,-0.0229,0,0.249,-0.0744,0.2924,1]},
{"frame":112,"values":[0.9998,-0.0153,0.0151,0,-0.0148,0.0174,0.9997,0,0.0156,0.9997,-0.0172,0,0.2494,-0.0767,0.2924,1]},
{"frame":113,"values":[1,-0.0069,0.0072,0,-0.0072,0.0114,0.9999,0,0.0069,0.9999,-0.0114,0,0.2497,-0.0789,0.2924,1]},
{"frame":114,"values":[1,-0.0018,0.0022,0,-0.0022,0.0057,1,0,0.0018,1,-0.0057,0,0.2499,-0.0809,0.2924,1]},
{"frame":115,"values":[1,-0.0001,0,0,0,0,1,0,0.0001,1,0,0,0.25,-0.0827,0.2924,1]},
{"frame":116,"values":[1,-0.0001,-0.0007,0,0.0007,-0.0063,1,0,0.0002,1,0.0063,0,0.25,-0.0843,0.2924,1]},
{"frame":117,"values":[1,-0.0002,-0.0013,0,0.0013,-0.0135,0.9999,0,0.0002,0.9999,0.0135,0,0.25,-0.0856,0.2924,1]},
{"frame":118,"values":[1,-0.0003,-0.0015,0,0.0015,-0.0201,0.9998,0,0.0004,0.9998,0.0201,0,0.25,-0.0866,0.2924,1]},
{"frame":119,"values":[1,-0.0004,-0.0016,0,0.0016,-0.0244,0.9997,0,0.0005,0.9997,0.0244,0,0.25,-0.087,0.2924,1]},
{"frame":120,"values":[1,-0.0005,-0.0016,0,0.0016,-0.0257,0.9997,0,0.0005,0.9997,0.0257,0,0.25,-0.0872,0.2924,1]},
{"frame":121,"values":[1,-0.0003,-0.0011,0,0.0011,-0.0173,0.9999,0,0.0004,0.9999,0.0173,0,0.25,-0.0872,0.2913,1]},
{"frame":122,"values":[1,0,0.0003,0,-0.0003,0.0049,1,0,0,1,-0.0049,0,0.25,-0.0872,0.2884,1]},
{"frame":123,"values":[1,0.0003,0.0017,0,-0.0017,0.0271,0.9996,0,-0.0002,0.9996,-0.0271,0,0.25,-0.0872,0.2855,1]},
{"frame":124,"values":[1,0.0004,0.0022,0,-0.0023,0.0356,0.9994,0,-0.0003,0.9994,-0.0356,0,0.25,-0.0872,0.2844,1]},
{"frame":125,"values":[1,0.0004,0.0022,0,-0.0022,0.0354,0.9994,0,-0.0003,0.9994,-0.0354,0,0.25,-0.0871,0.2845,1]},
{"frame":126,"values":[1,0.0004,0.0022,0,-0.0022,0.0348,0.9994,0,-0.0003,0.9994,-0.0348,0,0.25,-0.0871,0.2846,1]},
{"frame":127,"values":[1,0.0004,0.0021,0,-0.0022,0.034,0.9994,0,-0.0003,0.9994,-0.034,0,0.25,-0.087,0.2848,1]},
{"frame":128,"values":[1,0.0004,0.0021,0,-0.0021,0.0329,0.9995,0,-0.0003,0.9995,-0.0329,0,0.25,-0.0868,0.285,1]},
{"frame":129,"values":[1,0.0003,0.002,0,-0.002,0.0315,0.9995,0,-0.0003,0.9995,-0.0315,0,0.25,-0.0866,0.2854,1]},
{"frame":130,"values":[1,0.0003,0.0019,0,-0.0019,0.0299,0.9996,0,-0.0003,0.9996,-0.0299,0,0.25,-0.0864,0.2857,1]},
{"frame":131,"values":[1,0.0003,0.0018,0,-0.0018,0.0281,0.9996,0,-0.0002,0.9996,-0.0281,0,0.25,-0.0862,0.2861,1]},
{"frame":132,"values":[1,0.0003,0.0017,0,-0.0017,0.0263,0.9997,0,-0.0002,0.9997,-0.0263,0,0.25,-0.086,0.2865,1]},
{"frame":133,"values":[1,0.0002,0.0015,0,-0.0015,0.0243,0.9997,0,-0.0002,0.9997,-0.0243,0,0.25,-0.0857,0.287,1]},
{"frame":134,"values":[1,0.0002,0.0014,0,-0.0014,0.0222,0.9998,0,-0.0002,0.9998,-0.0222,0,0.25,-0.0855,0.2874,1]},
{"frame":135,"values":[1,0.0002,0.0013,0,-0.0013,0.0201,0.9998,0,-0.0001,0.9998,-0.0201,0,0.25,-0.0852,0.2879,1]},
{"frame":136,"values":[1,0.0001,0.0011,0,-0.0011,0.018,0.9998,0,-0.0001,0.9998,-0.018,0,0.25,-0.0849,0.2884,1]},
{"frame":137,"values":[1,0.0001,0.001,0,-0.001,0.016,0.9999,0,-0.0001,0.9999,-0.016,0,0.25,-0.0847,0.2888,1]},
{"frame":138,"values":[1,0.0001,0.0009,0,-0.0009,0.0139,0.9999,0,-0.0001,0.9999,-0.0139,0,0.25,-0.0844,0.2893,1]},
{"frame":139,"values":[1,0.0001,0.0008,0,-0.0008,0.012,0.9999,0,0,0.9999,-0.012,0,0.25,-0.0842,0.2897,1]},
{"frame":140,"values":[1,0,0.0006,0,-0.0006,0.0101,0.9999,0,0,0.9999,-0.0101,0,0.25,-0.0839,0.2901,1]},
{"frame":141,"values":[1,0,0.0005,0,-0.0005,0.0083,1,0,0,1,-0.0083,0,0.25,-0.0837,0.2905,1]},
{"frame":142,"values":[1,0,0.0004,0,-0.0004,0.0067,1,0,0,1,-0.0067,0,0.25,-0.0835,0.2909,1]},
{"frame":143,"values":[1,0,0.0003,0,-0.0003,0.0052,1,0,0,1,-0.0052,0,0.25,-0.0833,0.2912,1]},
{"frame":144,"values":[1,-0.0001,0.0002,0,-0.0002,0.0039,1,0,0.0001,1,-0.0039,0,0.25,-0.0832,0.2915,1]},
{"frame":145,"values":[1,-0.0001,0.0002,0,-0.0002,0.0027,1,0,0.0001,1,-0.0027,0,0.25,-0.083,0.2918,1]},
{"frame":146,"values":[1,-0.0001,0.0001,0,-0.0001,0.0018,1,0,0.0001,1,-0.0018,0,0.25,-0.0829,0.292,1]},
{"frame":147,"values":[1,-0.0001,0.0001,0,-0.0001,0.001,1,0,0.0001,1,-0.001,0,0.25,-0.0828,0.2922,1]},
{"frame":148,"values":[1,-0.0001,0,0,0,0.0005,1,0,0.0001,1,-0.0005,0,0.25,-0.0827,0.2923,1]},
{"frame":149,"values":[1,-0.0001,0,0,0,0.0001,1,0,0.0001,1,-0.0001,0,0.25,-0.0827,0.2924,1]},
{"frame":150,"values":[1,-0.0001,0,0,0,0,1,0,0.0001,1,0,0,0.25,-0.0827,0.2924,1]},
{"frame":180,"values":[1,-0.0001,0,0,0,0,1,0,0.0001,1,0,0,0.25,-0.0827,0.2924,1]},
{"frame":190,"values":[1,-0.0001,0,0,0,0,1,0,0.0001,1,0,0,0.25,-0.0827,0.2924,1]},
{"frame":191,"values":[1,-0.0043,0.0058,0,-0.0058,0.0036,1,0,0.0043,1,-0.0036,0,0.25,-0.0826,0.2924,1]},
{"frame":192,"values":[0.9996,-0.0171,0.0236,0,-0.0234,0.0146,0.9996,0,0.0174,0.9997,-0.0142,0,0.25,-0.0823,0.2924,1]},
{"frame":193,"values":[0.9978,-0.0379,0.0537,0,-0.0524,0.033,0.9981,0,0.0396,0.9987,-0.031,0,0.25,-0.0817,0.2924,1]},
{"frame":194,"values":[0.9933,-0.0653,0.0949,0,-0.0912,0.0583,0.9941,0,0.0704,0.9962,-0.052,0,0.25,-0.0809,0.2924,1]},
{"frame":195,"values":[0.9848,-0.0963,0.1444,0,-0.1361,0.0885,0.9867,0,0.1079,0.9914,-0.0741,0,0.25,-0.0798,0.2924,1]},
{"frame":196,"values":[0.9719,-0.1278,0.1976,0,-0.1825,0.1207,0.9758,0,0.1485,0.9844,-0.094,0,0.25,-0.0784,0.2924,1]},
{"frame":197,"values":[0.9557,-0.1566,0.2493,0,-0.2262,0.1512,0.9623,0,0.1883,0.976,-0.109,0,0.25,-0.0769,0.2924,1]},
{"frame":198,"values":[0.9382,-0.181,0.2951,0,-0.2641,0.1767,0.9482,0,0.2237,0.9675,-0.118,0,0.25,-0.0752,0.2924,1]},
{"frame":199,"values":[0.9216,-0.2004,0.3323,0,-0.2948,0.1952,0.9354,0,0.2523,0.9601,-0.1208,0,0.25,-0.0735,0.2924,1]},
{"frame":200,"values":[0.9079,-0.215,0.3598,0,-0.3181,0.2056,0.9255,0,0.273,0.9547,-0.1183,0,0.25,-0.0717,0.2924,1]},
{"frame":201,"values":[0.8967,-0.2254,0.381,0,-0.3367,0.2113,0.9176,0,0.2873,0.9511,-0.1135,0,0.25,-0.0697,0.2924,1]},
{"frame":202,"values":[0.8878,-0.2316,0.3978,0,-0.3519,0.2154,0.9109,0,0.2966,0.9487,-0.1097,0,0.25,-0.0672,0.2924,1]},
{"frame":203,"values":[0.8819,-0.2346,0.4089,0,-0.3622,0.2179,0.9063,0,0.3018,0.9473,-0.1072,0,0.25,-0.0644,0.2924,1]},
{"frame":204,"values":[0.8786,-0.2371,0.4146,0,-0.3673,0.2196,0.9038,0,0.3054,0.9463,-0.1058,0,0.25,-0.0619,0.2924,1]},
{"frame":205,"values":[0.8765,-0.2412,0.4167,0,-0.3684,0.2212,0.903,0,0.3099,0.9449,-0.105,0,0.25,-0.0599,0.2924,1]},
{"frame":206,"values":[0.8747,-0.2462,0.4176,0,-0.3681,0.223,0.9026,0,0.3153,0.9432,-0.1044,0,0.25,-0.0582,0.2924,1]},
{"frame":207,"values":[0.8729,-0.2511,0.4184,0,-0.3678,0.2249,0.9023,0,0.3207,0.9415,-0.1039,0,0.2499,-0.0566,0.2924,1]},
{"frame":208,"values":[0.8711,-0.2559,0.4192,0,-0.3674,0.2267,0.902,0,0.3259,0.9397,-0.1035,0,0.2498,-0.0549,0.2924,1]},
{"frame":209,"values":[0.8693,-0.2606,0.4199,0,-0.367,0.2286,0.9017,0,0.331,0.938,-0.1031,0,0.2497,-0.0533,0.2924,1]},
{"frame":210,"values":[0.8676,-0.2652,0.4206,0,-0.3666,0.2305,0.9014,0,0.336,0.9362,-0.1027,0,0.2496,-0.0517,0.2924,1]},
{"frame":211,"values":[0.8659,-0.2698,0.4213,0,-0.3661,0.2323,0.9011,0,0.341,0.9345,-0.1024,0,0.2494,-0.0501,0.2924,1]},
{"frame":212,"values":[0.8642,-0.2742,0.422,0,-0.3656,0.2342,0.9008,0,0.3458,0.9327,-0.1021,0,0.2492,-0.0486,0.2924,1]},
{"frame":213,"values":[0.8624,-0.2786,0.4226,0,-0.365,0.2361,0.9006,0,0.3506,0.931,-0.1019,0,0.249,-0.0471,0.2924,1]},
{"frame":214,"values":[0.8608,-0.2829,0.4232,0,-0.3645,0.2379,0.9003,0,0.3553,0.9292,-0.1017,0,0.2488,-0.0456,0.2924,1]},
{"frame":215,"values":[0.8591,-0.2871,0.4238,0,-0.3639,0.2397,0.9001,0,0.36,0.9274,-0.1015,0,0.2485,-0.0441,0.2924,1]},
{"frame":216,"values":[0.8574,-0.2913,0.4243,0,-0.3633,0.2415,0.8998,0,0.3646,0.9256,-0.1013,0,0.2483,-0.0426,0.2924,1]},
{"frame":217,"values":[0.8557,-0.2953,0.4249,0,-0.3627,0.2433,0.8996,0,0.3691,0.9239,-0.1011,0,0.248,-0.0412,0.2924,1]},
{"frame":218,"values":[0.8541,-0.2994,0.4254,0,-0.362,0.2451,0.8994,0,0.3735,0.9221,-0.1009,0,0.2477,-0.0398,0.2924,1]},
{"frame":219,"values":[0.8524,-0.3034,0.4259,0,-0.3614,0.2469,0.8991,0,0.3779,0.9203,-0.1008,0,0.2474,-0.0385,0.2924,1]},
{"frame":220,"values":[0.8508,-0.3073,0.4264,0,-0.3608,0.2486,0.8989,0,0.3822,0.9186,-0.1006,0,0.2471,-0.0372,0.2924,1]},
{"frame":221,"values":[0.8491,-0.3111,0.4269,0,-0.3601,0.2503,0.8987,0,0.3864,0.9168,-0.1005,0,0.2468,-0.0359,0.2924,1]},
{"frame":222,"values":[0.8475,-0.3149,0.4273,0,-0.3594,0.2519,0.8985,0,0.3906,0.9151,-0.1003,0,0.2464,-0.0346,0.2924,1]},
{"frame":223,"values":[0.8459,-0.3187,0.4278,0,-0.3588,0.2536,0.8983,0,0.3947,0.9133,-0.1002,0,0.2461,-0.0334,0.2924,1]},
{"frame":224,"values":[0.8443,-0.3223,0.4282,0,-0.3581,0.2552,0.8981,0,0.3988,0.9116,-0.1,0,0.2457,-0.0322,0.2924,1]},
{"frame":225,"values":[0.8427,-0.326,0.4286,0,-0.3574,0.2567,0.898,0,0.4027,0.9099,-0.0998,0,0.2453,-0.031,0.2924,1]},
{"frame":226,"values":[0.8411,-0.3295,0.429,0,-0.3567,0.2583,0.8978,0,0.4067,0.9081,-0.0997,0,0.2449,-0.0299,0.2924,1]},
{"frame":227,"values":[0.8395,-0.3331,0.4293,0,-0.356,0.2598,0.8976,0,0.4105,0.9064,-0.0995,0,0.2445,-0.0288,0.2924,1]},
{"frame":228,"values":[0.8379,-0.3365,0.4297,0,-0.3553,0.2613,0.8975,0,0.4143,0.9047,-0.0993,0,0.2441,-0.0278,0.2924,1]},
{"frame":229,"values":[0.8364,-0.3399,0.4301,0,-0.3546,0.2627,0.8973,0,0.418,0.903,-0.0991,0,0.2436,-0.0268,0.2924,1]},
{"frame":230,"values":[0.8348,-0.3433,0.4304,0,-0.354,0.2641,0.8972,0,0.4217,0.9013,-0.0989,0,0.2432,-0.0258,0.2924,1]},
{"frame":231,"values":[0.8333,-0.3466,0.4307,0,-0.3533,0.2654,0.8971,0,0.4253,0.8997,-0.0987,0,0.2427,-0.0249,0.2924,1]},
{"frame":232,"values":[0.8318,-0.3499,0.431,0,-0.3526,0.2667,0.897,0,0.4288,0.898,-0.0985,0,0.2423,-0.024,0.2924,1]},
{"frame":233,"values":[0.8303,-0.3531,0.4313,0,-0.3519,0.268,0.8969,0,0.4322,0.8964,-0.0983,0,0.2418,-0.0231,0.2924,1]},
{"frame":234,"values":[0.8288,-0.3562,0.4315,0,-0.3512,0.2692,0.8967,0,0.4356,0.8948,-0.098,0,0.2413,-0.0223,0.2924,1]},
{"frame":235,"values":[0.8273,-0.3593,0.4318,0,-0.3505,0.2704,0.8967,0,0.439,0.8932,-0.0978,0,0.2408,-0.0215,0.2924,1]},
{"frame":236,"values":[0.8259,-0.3624,0.432,0,-0.3499,0.2716,0.8966,0,0.4422,0.8916,-0.0975,0,0.2403,-0.0208,0.2924,1]},
{"frame":237,"values":[0.8244,-0.3654,0.4323,0,-0.3492,0.2727,0.8965,0,0.4454,0.89,-0.0972,0,0.2398,-0.0201,0.2924,1]},
{"frame":238,"values":[0.823,-0.3683,0.4325,0,-0.3486,0.2737,0.8964,0,0.4485,0.8885,-0.0969,0,0.2392,-0.0194,0.2924,1]},
{"frame":239,"values":[0.8216,-0.3712,0.4327,0,-0.3479,0.2747,0.8964,0,0.4516,0.887,-0.0966,0,0.2387,-0.0188,0.2924,1]},
{"frame":240,"values":[0.8202,-0.374,0.4328,0,-0.3473,0.2757,0.8963,0,0.4546,0.8855,-0.0962,0,0.2381,-0.0183,0.2924,1]},
{"frame":241,"values":[0.8189,-0.3768,0.433,0,-0.3467,0.2766,0.8963,0,0.4575,0.884,-0.0959,0,0.2376,-0.0178,0.2924,1]},
{"frame":242,"values":[0.8175,-0.3795,0.4331,0,-0.346,0.2774,0.8963,0,0.4603,0.8826,-0.0955,0,0.237,-0.0173,0.2924,1]},
{"frame":243,"values":[0.8162,-0.3822,0.4333,0,-0.3455,0.2782,0.8962,0,0.4631,0.8812,-0.0951,0,0.2364,-0.0169,0.2924,1]},
{"frame":244,"values":[0.8149,-0.3849,0.4334,0,-0.3449,0.279,0.8962,0,0.4658,0.8798,-0.0946,0,0.2358,-0.0165,0.2924,1]},
{"frame":245,"values":[0.8136,-0.3874,0.4335,0,-0.3443,0.2797,0.8962,0,0.4685,0.8785,-0.0942,0,0.2352,-0.0162,0.2924,1]},
{"frame":246,"values":[0.8124,-0.3899,0.4335,0,-0.3437,0.2803,0.8962,0,0.471,0.8771,-0.0937,0,0.2346,-0.016,0.2924,1]},
{"frame":247,"values":[0.8112,-0.3924,0.4336,0,-0.3432,0.2809,0.8963,0,0.4735,0.8759,-0.0932,0,0.2339,-0.0158,0.2924,1]},
{"frame":248,"values":[0.81,-0.3948,0.4336,0,-0.3427,0.2814,0.8963,0,0.4759,0.8746,-0.0927,0,0.2333,-0.0156,0.2924,1]},
{"frame":249,"values":[0.8088,-0.3971,0.4337,0,-0.3422,0.2819,0.8964,0,0.4782,0.8734,-0.0921,0,0.2326,-0.0155,0.2924,1]},
{"frame":250,"values":[0.8077,-0.3994,0.4337,0,-0.3417,0.2823,0.8964,0,0.4805,0.8722,-0.0915,0,0.2319,-0.0155,0.2924,1]},
{"frame":251,"values":[0.8066,-0.4018,0.4336,0,-0.3414,0.2821,0.8966,0,0.4825,0.8712,-0.0904,0,0.2311,-0.0159,0.2924,1]},
{"frame":252,"values":[0.8056,-0.4042,0.4332,0,-0.3414,0.2808,0.897,0,0.4842,0.8705,-0.0882,0,0.2301,-0.017,0.2926,1]},
{"frame":253,"values":[0.8046,-0.4068,0.4325,0,-0.3419,0.2783,0.8976,0,0.4855,0.8701,-0.0848,0,0.2288,-0.0189,0.2928,1]},
{"frame":254,"values":[0.8038,-0.4094,0.4316,0,-0.3426,0.2745,0.8985,0,0.4863,0.8701,-0.0804,0,0.2275,-0.0214,0.293,1]},
{"frame":255,"values":[0.8031,-0.412,0.4304,0,-0.3437,0.2697,0.8995,0,0.4867,0.8704,-0.075,0,0.2261,-0.0242,0.2933,1]},
{"frame":256,"values":[0.8027,-0.4144,0.4289,0,-0.3449,0.2641,0.9007,0,0.4866,0.8709,-0.0691,0,0.2248,-0.0271,0.2936,1]},
