{"producer":{"name":"Blender","version":"2.79 (sub 0)","exporter_version":"5.6.0","file":"gun_rpegg.babylon"},
"autoClear":true,"clearColor":[0.0509,0.0509,0.0509],"ambientColor":[0,0,0],"gravity":[0,-9.81,0],
"materials":[{"name":"gun_rpegg.phong1.013","id":"gun_rpegg.phong1.013","ambient":[0.5,0.5,0.5],"diffuse":[0.4,0.4,0.4],"specular":[0,0,0],"emissive":[0,0,0],"specularPower":103,"alpha":1,"backFaceCulling":true,"checkReadyOnlyOnce":false,"maxSimultaneousLights":4},
{"name":"gun_rpegg.phong1","id":"gun_rpegg.phong1","ambient":[0.5,0.5,0.5],"diffuse":[0.4,0.4,0.4],"specular":[0,0,0],"emissive":[0,0,0],"specularPower":103,"alpha":1,"backFaceCulling":true,"checkReadyOnlyOnce":false,"maxSimultaneousLights":4},
{"name":"gun_rpegg.phong1.001","id":"gun_rpegg.phong1.001","ambient":[0.5,0.5,0.5],"diffuse":[0.4,0.4,0.4],"specular":[0,0,0],"emissive":[0,0,0],"specularPower":103,"alpha":1,"backFaceCulling":true,"checkReadyOnlyOnce":false,"maxSimultaneousLights":4},
{"name":"gun_rpegg.phong1.002","id":"gun_rpegg.phong1.002","ambient":[0.5,0.5,0.5],"diffuse":[0.4,0.4,0.4],"specular":[0,0,0],"emissive":[0,0,0],"specularPower":103,"alpha":1,"backFaceCulling":true,"checkReadyOnlyOnce":false,"maxSimultaneousLights":4},
{"name":"gun_rpegg.phong1.003","id":"gun_rpegg.phong1.003","ambient":[0.5,0.5,0.5],"diffuse":[0.4,0.4,0.4],"specular":[0,0,0],"emissive":[0,0,0],"specularPower":103,"alpha":1,"backFaceCulling":true,"checkReadyOnlyOnce":false,"maxSimultaneousLights":4},
{"name":"gun_rpegg.phong1.004","id":"gun_rpegg.phong1.004","ambient":[0.5,0.5,0.5],"diffuse":[0.4,0.4,0.4],"specular":[0,0,0],"emissive":[0,0,0],"specularPower":103,"alpha":1,"backFaceCulling":true,"checkReadyOnlyOnce":false,"maxSimultaneousLights":4},
{"name":"gun_rpegg.phong1.005","id":"gun_rpegg.phong1.005","ambient":[0.5,0.5,0.5],"diffuse":[0.4,0.4,0.4],"specular":[0,0,0],"emissive":[0,0,0],"specularPower":103,"alpha":1,"backFaceCulling":true,"checkReadyOnlyOnce":false,"maxSimultaneousLights":4},
{"name":"gun_rpegg.phong1.006","id":"gun_rpegg.phong1.006","ambient":[0.5,0.5,0.5],"diffuse":[0.4,0.4,0.4],"specular":[0,0,0],"emissive":[0,0,0],"specularPower":103,"alpha":1,"backFaceCulling":true,"checkReadyOnlyOnce":false,"maxSimultaneousLights":4},
{"name":"gun_rpegg.phong1.007","id":"gun_rpegg.phong1.007","ambient":[0.5,0.5,0.5],"diffuse":[0.4,0.4,0.4],"specular":[0,0,0],"emissive":[0,0,0],"specularPower":103,"alpha":1,"backFaceCulling":true,"checkReadyOnlyOnce":false,"maxSimultaneousLights":4},
{"name":"gun_rpegg.phong1.009","id":"gun_rpegg.phong1.009","ambient":[0.5,0.5,0.5],"diffuse":[0.4,0.4,0.4],"specular":[0,0,0],"emissive":[0,0,0],"specularPower":103,"alpha":1,"backFaceCulling":true,"checkReadyOnlyOnce":false,"maxSimultaneousLights":4},
{"name":"gun_rpegg.phong1.010","id":"gun_rpegg.phong1.010","ambient":[0.5,0.5,0.5],"diffuse":[0.4,0.4,0.4],"specular":[0,0,0],"emissive":[0,0,0],"specularPower":103,"alpha":1,"backFaceCulling":true,"checkReadyOnlyOnce":false,"maxSimultaneousLights":4},
{"name":"gun_rpegg.phong1.011","id":"gun_rpegg.phong1.011","ambient":[0.5,0.5,0.5],"diffuse":[0.4,0.4,0.4],"specular":[0,0,0],"emissive":[0,0,0],"specularPower":103,"alpha":1,"backFaceCulling":true,"checkReadyOnlyOnce":false,"maxSimultaneousLights":4},
{"name":"gun_rpegg.phong1.012","id":"gun_rpegg.phong1.012","ambient":[0.5,0.5,0.5],"diffuse":[0.4,0.4,0.4],"specular":[0,0,0],"emissive":[0,0,0],"specularPower":103,"alpha":1,"backFaceCulling":true,"checkReadyOnlyOnce":false,"maxSimultaneousLights":4},
{"name":"gun_rpegg.standard","id":"gun_rpegg.standard","ambient":[0.8,0.8,0.8],"diffuse":[0.8,0.8,0.8],"specular":[0,0,0],"emissive":[0,0,0],"specularPower":50,"alpha":1,"backFaceCulling":true,"checkReadyOnlyOnce":false,"maxSimultaneousLights":4}],
"multiMaterials":[],
"skeletons":[{"name":"gun_rpegg_skeleton","id":0,"dimensionsAtRest":[0.5,0.3962,0.4715],"bones":[
{"name":"body","index":0,"matrix":[1,0,0,0,0,0,1,0,0,1,0,0,0.25,0,0.1793,1],"rest":[1,0,0,0,0,0,1,0,0,1,0,0,0,0,-0.1,1],"parentBoneIndex":-1,"length":0.15
,"animation":{"dataType":3,"framePerSecond":60,"keys":[
{"frame":0,"values":[1,0,0,0,0,0,1,0,0,1,0,0,0.25,0,0.1793,1]},
{"frame":1,"values":[1,0,0,0,0,-0.002,1,0,0,1,0.002,0,0.25,-0.0002,0.1798,1]},
{"frame":2,"values":[1,0,0,0,0,-0.0077,1,0,0,1,0.0077,0,0.25,-0.0006,0.1813,1]},
{"frame":3,"values":[1,0,0,0,0,-0.016,0.9999,0,0,0.9999,0.016,0,0.25,-0.0013,0.1835,1]},
{"frame":4,"values":[1,0,0,0,0,-0.0242,0.9997,0,0,0.9997,0.0242,0,0.25,-0.0019,0.186,1]},
{"frame":5,"values":[1,0,0,0,0,-0.03,0.9996,0,0,0.9996,0.03,0,0.25,-0.0024,0.1882,1]},
{"frame":6,"values":[1,0,0,0,0,-0.032,0.9995,0,0,0.9995,0.032,0,0.25,-0.0026,0.1898,1]},
{"frame":7,"values":[1,0,0,0,0,-0.0312,0.9995,0,0,0.9995,0.0312,0,0.25,-0.0024,0.1909,1]},
{"frame":8,"values":[1,0,0,0,0,-0.0288,0.9996,0,0,0.9996,0.0288,0,0.25,-0.002,0.192,1]},
{"frame":9,"values":[1,0,0,0,0,-0.0249,0.9997,0,0,0.9997,0.0249,0,0.25,-0.0013,0.193,1]},
{"frame":10,"values":[1,0,0,0,0,-0.0196,0.9998,0,0,0.9998,0.0196,0,0.25,-0.0004,0.1938,1]},
{"frame":11,"values":[1,0,0,0,0,-0.0131,0.9999,0,0,0.9999,0.0131,0,0.25,0.0007,0.1946,1]},
{"frame":12,"values":[1,0,0,0,0,-0.006,1,0,0,1,0.006,0,0.25,0.0019,0.1952,1]},
{"frame":13,"values":[1,0,0,0,0,0.0011,1,0,0,1,-0.0011,0,0.25,0.0032,0.1956,1]},
{"frame":14,"values":[1,0,0,0,0,0.0078,1,0,0,1,-0.0078,0,0.25,0.0043,0.196,1]},
{"frame":15,"values":[1,0,0,0,0,0.0136,0.9999,0,0,0.9999,-0.0136,0,0.25,0.0052,0.1962,1]},
{"frame":16,"values":[1,0,0,0,0,0.0182,0.9998,0,0,0.9998,-0.0182,0,0.25,0.0059,0.1963,1]},
{"frame":17,"values":[1,0,0,0,0,0.0215,0.9998,0,0,0.9998,-0.0215,0,0.25,0.0064,0.1963,1]},
{"frame":18,"values":[1,0,0,0,0,0.0242,0.9997,0,0,0.9997,-0.0242,0,0.25,0.0068,0.1962,1]},
{"frame":19,"values":[1,0,0,0,0,0.0267,0.9996,0,0,0.9996,-0.0267,0,0.25,0.0071,0.196,1]},
{"frame":20,"values":[1,0,0,0,0,0.029,0.9996,0,0,0.9996,-0.029,0,0.25,0.0074,0.1957,1]},
{"frame":21,"values":[1,0,0,0,0,0.0311,0.9995,0,0,0.9995,-0.0311,0,0.25,0.0077,0.1953,1]},
{"frame":22,"values":[1,0,0,0,0,0.033,0.9995,0,0,0.9995,-0.033,0,0.25,0.008,0.1948,1]},
{"frame":23,"values":[1,0,0,0,0,0.0347,0.9994,0,0,0.9994,-0.0347,0,0.25,0.0082,0.1941,1]},
{"frame":24,"values":[1,0,0,0,0,0.0361,0.9993,0,0,0.9993,-0.0361,0,0.25,0.0084,0.1933,1]},
{"frame":25,"values":[1,0,0,0,0,0.0373,0.9993,0,0,0.9993,-0.0373,0,0.25,0.0086,0.1925,1]},
{"frame":26,"values":[1,0,0,0,0,0.0383,0.9993,0,0,0.9993,-0.0383,0,0.25,0.0087,0.1916,1]},
{"frame":27,"values":[1,0,0,0,0,0.0391,0.9992,0,0,0.9992,-0.0391,0,0.25,0.0088,0.1907,1]},
{"frame":28,"values":[1,0,0,0,0,0.0396,0.9992,0,0,0.9992,-0.0396,0,0.25,0.0089,0.1898,1]},
{"frame":29,"values":[1,0,0,0,0,0.0401,0.9992,0,0,0.9992,-0.0401,0,0.25,0.0089,0.1889,1]},
{"frame":30,"values":[1,0,0,0,0,0.0403,0.9992,0,0,0.9992,-0.0403,0,0.25,0.009,0.188,1]},
{"frame":31,"values":[1,0,0,0,0,0.0405,0.9992,0,0,0.9992,-0.0405,0,0.25,0.009,0.1873,1]},
{"frame":32,"values":[1,0,0,0,0,0.0406,0.9992,0,0,0.9992,-0.0406,0,0.25,0.009,0.1866,1]},
{"frame":33,"values":[1,0,0,0,0,0.0407,0.9992,0,0,0.9992,-0.0407,0,0.25,0.009,0.186,1]},
{"frame":34,"values":[1,0,0,0,0,0.0407,0.9992,0,0,0.9992,-0.0407,0,0.25,0.009,0.1855,1]},
{"frame":35,"values":[1,0,0,0,0,0.0407,0.9992,0,0,0.9992,-0.0407,0,0.25,0.009,0.1852,1]},
{"frame":36,"values":[1,0,0,0,0,0.0406,0.9992,0,0,0.9992,-0.0406,0,0.25,0.009,0.1848,1]},
{"frame":37,"values":[1,0,0,0,0,0.0405,0.9992,0,0,0.9992,-0.0405,0,0.25,0.009,0.1845,1]},
{"frame":38,"values":[1,0,0,0,0,0.0403,0.9992,0,0,0.9992,-0.0403,0,0.25,0.0089,0.1842,1]},
{"frame":39,"values":[1,0,0,0,0,0.04,0.9992,0,0,0.9992,-0.04,0,0.25,0.0089,0.1839,1]},
{"frame":40,"values":[1,0,0,0,0,0.0396,0.9992,0,0,0.9992,-0.0396,0,0.25,0.0088,0.1836,1]},
{"frame":41,"values":[1,0,0,0,0,0.0391,0.9992,0,0,0.9992,-0.0391,0,0.25,0.0087,0.1833,1]},
{"frame":42,"values":[1,0,0,0,0,0.0385,0.9993,0,0,0.9993,-0.0385,0,0.25,0.0085,0.183,1]},
{"frame":43,"values":[1,0,0,0,0,0.0378,0.9993,0,0,0.9993,-0.0378,0,0.25,0.0084,0.1827,1]},
{"frame":44,"values":[1,0,0,0,0,0.0371,0.9993,0,0,0.9993,-0.0371,0,0.25,0.0082,0.1825,1]},
{"frame":45,"values":[1,0,0,0,0,0.0362,0.9993,0,0,0.9993,-0.0362,0,0.25,0.008,0.1822,1]},
{"frame":46,"values":[1,0,0,0,0,0.0353,0.9994,0,0,0.9994,-0.0353,0,0.25,0.0078,0.182,1]},
{"frame":47,"values":[1,0,0,0,0,0.0343,0.9994,0,0,0.9994,-0.0343,0,0.25,0.0076,0.1818,1]},
{"frame":48,"values":[1,0,0,0,0,0.0332,0.9994,0,0,0.9994,-0.0332,0,0.25,0.0074,0.1815,1]},
{"frame":49,"values":[1,0,0,0,0,0.0321,0.9995,0,0,0.9995,-0.0321,0,0.25,0.0071,0.1813,1]},
{"frame":50,"values":[1,0,0,0,0,0.0309,0.9995,0,0,0.9995,-0.0309,0,0.25,0.0068,0.1811,1]},
{"frame":51,"values":[1,0,0,0,0,0.0296,0.9996,0,0,0.9996,-0.0296,0,0.25,0.0066,0.181,1]},
{"frame":52,"values":[1,0,0,0,0,0.0283,0.9996,0,0,0.9996,-0.0283,0,0.25,0.0063,0.1808,1]},
{"frame":53,"values":[1,0,0,0,0,0.0269,0.9996,0,0,0.9996,-0.0269,0,0.25,0.006,0.1806,1]},
{"frame":54,"values":[1,0,0,0,0,0.0255,0.9997,0,0,0.9997,-0.0255,0,0.25,0.0056,0.1805,1]},
{"frame":55,"values":[1,0,0,0,0,0.024,0.9997,0,0,0.9997,-0.024,0,0.25,0.0053,0.1803,1]},
{"frame":56,"values":[1,0,0,0,0,0.0226,0.9997,0,0,0.9997,-0.0226,0,0.25,0.005,0.1802,1]},
{"frame":57,"values":[1,0,0,0,0,0.0211,0.9998,0,0,0.9998,-0.0211,0,0.25,0.0047,0.1801,1]},
{"frame":58,"values":[1,0,0,0,0,0.0196,0.9998,0,0,0.9998,-0.0196,0,0.25,0.0043,0.18,1]},
{"frame":59,"values":[1,0,0,0,0,0.0181,0.9998,0,0,0.9998,-0.0181,0,0.25,0.004,0.1799,1]},
{"frame":60,"values":[1,0,0,0,0,0.0167,0.9999,0,0,0.9999,-0.0167,0,0.25,0.0037,0.1798,1]},
{"frame":61,"values":[1,0,0,0,0,0.0152,0.9999,0,0,0.9999,-0.0152,0,0.25,0.0034,0.1797,1]},
{"frame":62,"values":[1,0,0,0,0,0.0138,0.9999,0,0,0.9999,-0.0138,0,0.25,0.0031,0.1797,1]},
{"frame":63,"values":[1,0,0,0,0,0.0124,0.9999,0,0,0.9999,-0.0124,0,0.25,0.0028,0.1796,1]},
{"frame":64,"values":[1,0,0,0,0,0.0111,0.9999,0,0,0.9999,-0.0111,0,0.25,0.0025,0.1795,1]},
{"frame":65,"values":[1,0,0,0,0,0.0098,1,0,0,1,-0.0098,0,0.25,0.0022,0.1795,1]},
{"frame":66,"values":[1,0,0,0,0,0.0086,1,0,0,1,-0.0086,0,0.25,0.0019,0.1795,1]},
{"frame":67,"values":[1,0,0,0,0,0.0075,1,0,0,1,-0.0075,0,0.25,0.0017,0.1794,1]},
{"frame":68,"values":[1,0,0,0,0,0.0064,1,0,0,1,-0.0064,0,0.25,0.0014,0.1794,1]},
{"frame":69,"values":[1,0,0,0,0,0.0054,1,0,0,1,-0.0054,0,0.25,0.0012,0.1794,1]},
{"frame":70,"values":[1,0,0,0,0,0.0045,1,0,0,1,-0.0045,0,0.25,0.001,0.1794,1]},
{"frame":71,"values":[1,0,0,0,0,0.0036,1,0,0,1,-0.0036,0,0.25,0.0008,0.1793,1]},
{"frame":72,"values":[1,0,0,0,0,0.0029,1,0,0,1,-0.0029,0,0.25,0.0006,0.1793,1]},
{"frame":73,"values":[1,0,0,0,0,0.0022,1,0,0,1,-0.0022,0,0.25,0.0005,0.1793,1]},
{"frame":74,"values":[1,0,0,0,0,0.0016,1,0,0,1,-0.0016,0,0.25,0.0004,0.1793,1]},
{"frame":75,"values":[1,0,0,0,0,0.0011,1,0,0,1,-0.0011,0,0.25,0.0002,0.1793,1]},
{"frame":76,"values":[1,0,0,0,0,0.0007,1,0,0,1,-0.0007,0,0.25,0.0002,0.1793,1]},
{"frame":77,"values":[1,0,0,0,0,0.0004,1,0,0,1,-0.0004,0,0.25,0.0001,0.1793,1]},
{"frame":78,"values":[1,0,0,0,0,0.0002,1,0,0,1,-0.0002,0,0.25,0,0.1793,1]},
{"frame":79,"values":[1,0,0,0,0,0,1,0,0,1,0,0,0.25,0,0.1793,1]},
{"frame":80,"values":[1,0,0,0,0,0,1,0,0,1,0,0,0.25,0,0.1793,1]},
{"frame":90,"values":[1,0,0,0,0,0,1,0,0,1,0,0,0.25,0,0.1793,1]},
{"frame":100,"values":[1,0,0,0,0,0,1,0,0,1,0,0,0.25,0,0.1793,1]},
{"frame":110,"values":[1,0,0,0,0,0,1,0,0,1,0,0,0.25,0,0.1793,1]},
{"frame":111,"values":[1,0.0001,0.0002,0,-0.0002,-0.0001,1,0,-0.0001,1,0.0001,0,0.25,0,0.1793,1]},
{"frame":112,"values":[1,0.0004,0.001,0,-0.001,-0.0006,1,0,-0.0004,1,0.0006,0,0.25,0,0.1793,1]},
{"frame":113,"values":[1,0.001,0.0022,0,-0.0022,-0.0013,1,0,-0.001,1,0.0013,0,0.25,0,0.1793,1]},
{"frame":114,"values":[1,0.0017,0.004,0,-0.004,-0.0023,1,0,-0.0017,1,0.0023,0,0.25,0,0.1793,1]},
{"frame":115,"values":[1,0.0027,0.0063,0,-0.0062,-0.0037,1,0,-0.0027,1,0.0037,0,0.25,-0.0001,0.1793,1]},
{"frame":116,"values":[1,0.0039,0.0091,0,-0.009,-0.0053,0.9999,0,-0.0039,1,0.0053,0,0.25,-0.0001,0.1793,1]},
{"frame":117,"values":[0.9999,0.0053,0.0124,0,-0.0123,-0.0072,0.9999,0,-0.0054,1,0.0072,0,0.25,-0.0001,0.1793,1]},
{"frame":118,"values":[0.9998,0.0069,0.0163,0,-0.0162,-0.0095,0.9998,0,-0.0071,0.9999,0.0093,0,0.25,-0.0001,0.1793,1]},
{"frame":119,"values":[0.9997,0.0087,0.0207,0,-0.0206,-0.012,0.9997,0,-0.009,0.9999,0.0118,0,0.25,-0.0002,0.1793,1]},
{"frame":120,"values":[0.9996,0.0107,0.0256,0,-0.0255,-0.0148,0.9996,0,-0.0111,0.9998,0.0145,0,0.25,-0.0002,0.1793,1]},
{"frame":121,"values":[0.9994,0.0129,0.0311,0,-0.0309,-0.018,0.9994,0,-0.0135,0.9998,0.0175,0,0.25,-0.0003,0.1793,1]},
{"frame":122,"values":[0.9992,0.0153,0.0372,0,-0.0369,-0.0214,0.9991,0,-0.016,0.9997,0.0208,0,0.25,-0.0004,0.1793,1]},
{"frame":123,"values":[0.9989,0.0178,0.0438,0,-0.0433,-0.0251,0.9987,0,-0.0189,0.9995,0.0243,0,0.25,-0.0004,0.1793,1]},
{"frame":124,"values":[0.9985,0.0205,0.0509,0,-0.0503,-0.0291,0.9983,0,-0.0219,0.9994,0.028,0,0.25,-0.0005,0.1793,1]},
{"frame":125,"values":[0.998,0.0233,0.0585,0,-0.0577,-0.0333,0.9978,0,-0.0252,0.9992,0.0319,0,0.25,-0.0006,0.1793,1]},
{"frame":126,"values":[0.9974,0.0262,0.0667,0,-0.0656,-0.0378,0.9971,0,-0.0286,0.9989,0.036,0,0.25,-0.0007,0.1793,1]},
{"frame":127,"values":[0.9967,0.0292,0.0753,0,-0.074,-0.0426,0.9963,0,-0.0323,0.9987,0.0403,0,0.25,-0.0008,0.1793,1]},
{"frame":128,"values":[0.9959,0.0323,0.0844,0,-0.0828,-0.0476,0.9954,0,-0.0362,0.9983,0.0447,0,0.25,-0.0009,0.1793,1]},
{"frame":129,"values":[0.9949,0.0355,0.0939,0,-0.092,-0.0527,0.9944,0,-0.0402,0.998,0.0492,0,0.25,-0.0011,0.1793,1]},
{"frame":130,"values":[0.9938,0.0387,0.1039,0,-0.1016,-0.0581,0.9931,0,-0.0444,0.9976,0.0538,0,0.25,-0.0012,0.1793,1]},
{"frame":131,"values":[0.9926,0.0419,0.1143,0,-0.1115,-0.0637,0.9917,0,-0.0488,0.9971,0.0585,0,0.25,-0.0014,0.1793,1]},
{"frame":132,"values":[0.9911,0.0451,0.125,0,-0.1217,-0.0694,0.9901,0,-0.0534,0.9966,0.0633,0,0.25,-0.0016,0.1793,1]},
{"frame":133,"values":[0.9895,0.0483,0.1361,0,-0.1322,-0.0752,0.9884,0,-0.058,0.996,0.068,0,0.25,-0.0018,0.1793,1]},
{"frame":134,"values":[0.9877,0.0515,0.1474,0,-0.143,-0.0811,0.9864,0,-0.0628,0.9954,0.0728,0,0.25,-0.002,0.1793,1]},
{"frame":135,"values":[0.9858,0.0546,0.159,0,-0.1539,-0.0871,0.9842,0,-0.0676,0.9947,0.0775,0,0.25,-0.0022,0.1793,1]},
{"frame":136,"values":[0.9836,0.0576,0.1708,0,-0.165,-0.0931,0.9819,0,-0.0725,0.994,0.0821,0,0.25,-0.0024,0.1793,1]},
{"frame":137,"values":[0.9813,0.0605,0.1827,0,-0.1762,-0.0992,0.9793,0,-0.0774,0.9932,0.0866,0,0.25,-0.0026,0.1793,1]},
{"frame":138,"values":[0.9788,0.0633,0.1948,0,-0.1875,-0.1052,0.9766,0,-0.0823,0.9924,0.0911,0,0.25,-0.0029,0.1793,1]},
{"frame":139,"values":[0.9761,0.066,0.2069,0,-0.1989,-0.1111,0.9737,0,-0.0873,0.9916,0.0954,0,0.25,-0.0032,0.1793,1]},
{"frame":140,"values":[0.9733,0.0686,0.2191,0,-0.2103,-0.117,0.9706,0,-0.0922,0.9908,0.0995,0,0.25,-0.0034,0.1793,1]},
{"frame":141,"values":[0.9703,0.0709,0.2313,0,-0.2216,-0.1228,0.9674,0,-0.097,0.9899,0.1034,0,0.25,-0.0037,0.1793,1]},
{"frame":142,"values":[0.9672,0.0732,0.2434,0,-0.2329,-0.1284,0.964,0,-0.1018,0.989,0.1072,0,0.25,-0.004,0.1793,1]},
{"frame":143,"values":[0.9639,0.0752,0.2554,0,-0.2441,-0.1339,0.9605,0,-0.1064,0.9881,0.1107,0,0.25,-0.0044,0.1793,1]},
{"frame":144,"values":[0.9605,0.0771,0.2674,0,-0.2552,-0.1392,0.9568,0,-0.111,0.9873,0.1141,0,0.25,-0.0047,0.1793,1]},
{"frame":145,"values":[0.957,0.0788,0.2791,0,-0.2661,-0.1443,0.9531,0,-0.1154,0.9864,0.1172,0,0.25,-0.005,0.1793,1]},
{"frame":146,"values":[0.9534,0.0803,0.2907,0,-0.2768,-0.1492,0.9493,0,-0.1196,0.9855,0.12,0,0.25,-0.0054,0.1793,1]},
{"frame":147,"values":[0.9498,0.0816,0.302,0,-0.2874,-0.1538,0.9454,0,-0.1236,0.9847,0.1226,0,0.25,-0.0058,0.1793,1]},
{"frame":148,"values":[0.9461,0.0828,0.3132,0,-0.2978,-0.1582,0.9414,0,-0.1275,0.9839,0.125,0,0.25,-0.0061,0.1793,1]},
{"frame":149,"values":[0.9423,0.0837,0.324,0,-0.3079,-0.1623,0.9375,0,-0.1311,0.9832,0.1271,0,0.25,-0.0065,0.1793,1]},
{"frame":150,"values":[0.9386,0.0845,0.3346,0,-0.3179,-0.1661,0.9335,0,-0.1345,0.9825,0.129,0,0.25,-0.0069,0.1793,1]},
{"frame":151,"values":[0.9348,0.0852,0.3449,0,-0.3275,-0.1696,0.9295,0,-0.1377,0.9818,0.1306,0,0.25,-0.0073,0.1793,1]},
{"frame":152,"values":[0.931,0.0856,0.3549,0,-0.3369,-0.1727,0.9255,0,-0.1406,0.9812,0.132,0,0.25,-0.0078,0.1793,1]},
{"frame":153,"values":[0.9272,0.0859,0.3646,0,-0.3461,-0.1756,0.9216,0,-0.1432,0.9807,0.1331,0,0.25,-0.0082,0.1793,1]},
{"frame":154,"values":[0.9235,0.0861,0.3739,0,-0.355,-0.1782,0.9177,0,-0.1456,0.9802,0.134,0,0.25,-0.0086,0.1793,1]},
{"frame":155,"values":[0.9198,0.0861,0.3829,0,-0.3636,-0.1804,0.9139,0,-0.1478,0.9798,0.1346,0,0.25,-0.0091,0.1793,1]},
{"frame":156,"values":[0.9161,0.086,0.3916,0,-0.3719,-0.1823,0.9102,0,-0.1496,0.9795,0.135,0,0.25,-0.0095,0.1793,1]},
{"frame":157,"values":[0.9125,0.0857,0.3999,0,-0.38,-0.1838,0.9065,0,-0.1512,0.9792,0.1352,0,0.25,-0.01,0.1793,1]},
{"frame":158,"values":[0.909,0.0853,0.4079,0,-0.3878,-0.1851,0.903,0,-0.1525,0.979,0.1352,0,0.25,-0.0104,0.1793,1]},
{"frame":159,"values":[0.9056,0.0847,0.4156,0,-0.3954,-0.186,0.8995,0,-0.1535,0.9789,0.1349,0,0.25,-0.0109,0.1793,1]},
{"frame":160,"values":[0.9023,0.0841,0.4229,0,-0.4026,-0.1865,0.8962,0,-0.1542,0.9788,0.1345,0,0.25,-0.0114,0.1793,1]},
{"frame":161,"values":[0.899,0.0831,0.4301,0,-0.4099,-0.1865,0.8928,0,-0.1544,0.9789,0.1336,0,0.25,-0.0119,0.1793,1]},
{"frame":162,"values":[0.8956,0.0816,0.4373,0,-0.4175,-0.1858,0.8895,0,-0.1538,0.9792,0.1323,0,0.25,-0.0124,0.1793,1]},
{"frame":163,"values":[0.8921,0.0795,0.4447,0,-0.4253,-0.1842,0.8861,0,-0.1524,0.9797,0.1305,0,0.25,-0.013,0.1794,1]},
{"frame":164,"values":[0.8886,0.0769,0.4521,0,-0.4334,-0.1818,0.8827,0,-0.1501,0.9803,0.1282,0,0.25,-0.0136,0.1795,1]},
{"frame":165,"values":[0.885,0.0738,0.4597,0,-0.4417,-0.1786,0.8792,0,-0.147,0.9812,0.1254,0,0.25,-0.0142,0.1796,1]},
{"frame":166,"values":[0.8813,0.0702,0.4673,0,-0.4504,-0.1745,0.8756,0,-0.143,0.9821,0.1222,0,0.25,-0.0148,0.1797,1]},
{"frame":167,"values":[0.8775,0.0661,0.475,0,-0.4592,-0.1696,0.872,0,-0.1382,0.9833,0.1185,0,0.25,-0.0155,0.1798,1]},
{"frame":168,"values":[0.8736,0.0615,0.4827,0,-0.4683,-0.1638,0.8683,0,-0.1324,0.9846,0.1143,0,0.25,-0.0162,0.18,1]},
{"frame":169,"values":[0.8696,0.0564,0.4906,0,-0.4775,-0.1571,0.8645,0,-0.1258,0.986,0.1097,0,0.25,-0.0169,0.1802,1]},
{"frame":170,"values":[0.8654,0.0508,0.4985,0,-0.487,-0.1495,0.8605,0,-0.1183,0.9875,0.1046,0,0.25,-0.0177,0.1804,1]},
{"frame":171,"values":[0.861,0.0448,0.5066,0,-0.4966,-0.141,0.8565,0,-0.1098,0.989,0.0992,0,0.25,-0.0184,0.1806,1]},
{"frame":172,"values":[0.8565,0.0384,0.5147,0,-0.5062,-0.1316,0.8523,0,-0.1005,0.9906,0.0933,0,0.25,-0.0192,0.1809,1]},
{"frame":173,"values":[0.8518,0.0315,0.5229,0,-0.516,-0.1214,0.8479,0,-0.0902,0.9921,0.0871,0,0.25,-0.0201,0.1811,1]},
{"frame":174,"values":[0.8469,0.0243,0.5312,0,-0.5258,-0.1102,0.8434,0,-0.079,0.9936,0.0805,0,0.25,-0.0209,0.1814,1]},
{"frame":175,"values":[0.8418,0.0167,0.5395,0,-0.5356,-0.0981,0.8387,0,-0.0669,0.995,0.0736,0,0.25,-0.0218,0.1817,1]},
{"frame":176,"values":[0.8365,0.0087,0.5479,0,-0.5454,-0.0851,0.8339,0,-0.0539,0.9963,0.0664,0,0.25,-0.0226,0.1821,1]},
{"frame":177,"values":[0.8309,0.0005,0.5564,0,-0.555,-0.0713,0.8288,0,-0.0401,0.9975,0.0589,0,0.25,-0.0235,0.1824,1]},
{"frame":178,"values":[0.825,-0.008,0.565,0,-0.5645,-0.0566,0.8235,0,-0.0254,0.9984,0.0512,0,0.25,-0.0245,0.1828,1]},
{"frame":179,"values":[0.8189,-0.0168,0.5736,0,-0.5738,-0.0411,0.818,0,-0.0099,0.999,0.0433,0,0.25,-0.0254,0.1832,1]},
{"frame":180,"values":[0.8126,-0.0257,0.5823,0,-0.5828,-0.0248,0.8122,0,0.0064,0.9994,0.0352,0,0.25,-0.0263,0.1836,1]},
{"frame":181,"values":[0.8059,-0.0348,0.591,0,-0.5915,-0.0078,0.8062,0,0.0234,0.9994,0.0269,0,0.25,-0.0273,0.184,1]},
{"frame":182,"values":[0.799,-0.044,0.5997,0,-0.5999,0.0099,0.8,0,0.0411,0.999,0.0185,0,0.25,-0.0283,0.1845,1]},
{"frame":183,"values":[0.7918,-0.0533,0.6084,0,-0.6078,0.0282,0.7936,0,0.0594,0.9982,0.0101,0,0.25,-0.0293,0.1849,1]},
{"frame":184,"values":[0.7844,-0.0626,0.6171,0,-0.6153,0.047,0.7869,0,0.0783,0.9969,0.0016,0,0.25,-0.0303,0.1854,1]},
{"frame":185,"values":[0.7766,-0.0719,0.6258,0,-0.6223,0.0664,0.7799,0,0.0976,0.9952,-0.0068,0,0.25,-0.0313,0.1859,1]},
{"frame":186,"values":[0.7687,-0.0812,0.6345,0,-0.6288,0.0862,0.7728,0,0.1174,0.993,-0.0152,0,0.25,-0.0323,0.1864,1]},
{"frame":187,"values":[0.7605,-0.0903,0.643,0,-0.6346,0.1063,0.7655,0,0.1375,0.9902,-0.0235,0,0.25,-0.0333,0.1869,1]},
{"frame":188,"values":[0.7521,-0.0993,0.6515,0,-0.6399,0.1266,0.758,0,0.1578,0.987,-0.0317,0,0.25,-0.0343,0.1875,1]},
{"frame":189,"values":[0.7435,-0.1082,0.6599,0,-0.6445,0.1471,0.7503,0,0.1783,0.9832,-0.0397,0,0.25,-0.0353,0.188,1]},
{"frame":190,"values":[0.7348,-0.1168,0.6682,0,-0.6486,0.1677,0.7425,0,0.1988,0.9789,-0.0475,0,0.25,-0.0363,0.1886,1]},
{"frame":191,"values":[0.7259,-0.1252,0.6763,0,-0.6519,0.1883,0.7345,0,0.2193,0.9741,-0.0551,0,0.25,-0.0373,0.1891,1]},
{"frame":192,"values":[0.7169,-0.1332,0.6843,0,-0.6547,0.2088,0.7265,0,0.2397,0.9688,-0.0624,0,0.25,-0.0383,0.1897,1]},
{"frame":193,"values":[0.7079,-0.141,0.6921,0,-0.6568,0.229,0.7185,0,0.2598,0.9631,-0.0695,0,0.25,-0.0393,0.1903,1]},
{"frame":194,"values":[0.6989,-0.1485,0.6996,0,-0.6583,0.249,0.7104,0,0.2797,0.957,-0.0763,0,0.25,-0.0403,0.1909,1]},
{"frame":195,"values":[0.6899,-0.1556,0.707,0,-0.6592,0.2687,0.7024,0,0.2993,0.9506,-0.0827,0,0.25,-0.0413,0.1915,1]},
{"frame":196,"values":[0.6809,-0.1624,0.7141,0,-0.6595,0.2878,0.6944,0,0.3183,0.9438,-0.0889,0,0.25,-0.0422,0.1921,1]},
{"frame":197,"values":[0.6721,-0.1688,0.721,0,-0.6594,0.3065,0.6865,0,0.3369,0.9368,-0.0947,0,0.25,-0.0432,0.1927,1]},
{"frame":198,"values":[0.6634,-0.1748,0.7276,0,-0.6588,0.3246,0.6787,0,0.3549,0.9295,-0.1002,0,0.25,-0.0441,0.1934,1]},
{"frame":199,"values":[0.6548,-0.1805,0.7339,0,-0.6577,0.3421,0.6711,0,0.3722,0.9222,-0.1053,0,0.25,-0.045,0.194,1]},
{"frame":200,"values":[0.6465,-0.1858,0.7399,0,-0.6563,0.3589,0.6636,0,0.3889,0.9147,-0.1101,0,0.25,-0.0459,0.1946,1]},
{"frame":201,"values":[0.6385,-0.1907,0.7456,0,-0.6546,0.375,0.6564,0,0.4048,0.9072,-0.1146,0,0.25,-0.0467,0.1952,1]},
{"frame":202,"values":[0.6307,-0.1953,0.7511,0,-0.6526,0.3903,0.6495,0,0.42,0.8997,-0.1187,0,0.25,-0.0476,0.1959,1]},
{"frame":203,"values":[0.6232,-0.1995,0.7562,0,-0.6503,0.4048,0.6428,0,0.4344,0.8924,-0.1225,0,0.25,-0.0484,0.1965,1]},
{"frame":204,"values":[0.616,-0.2034,0.761,0,-0.648,0.4186,0.6364,0,0.4479,0.8851,-0.1261,0,0.25,-0.0491,0.1971,1]},
{"frame":205,"values":[0.6092,-0.2069,0.7655,0,-0.6454,0.4314,0.6303,0,0.4607,0.8781,-0.1293,0,0.25,-0.0499,0.1977,1]},
{"frame":206,"values":[0.6028,-0.2102,0.7697,0,-0.6429,0.4435,0.6246,0,0.4726,0.8713,-0.1322,0,0.25,-0.0506,0.1984,1]},
{"frame":207,"values":[0.5968,-0.2131,0.7736,0,-0.6402,0.4546,0.6192,0,0.4836,0.8648,-0.1349,0,0.25,-0.0512,0.199,1]},
{"frame":208,"values":[0.5912,-0.2157,0.7771,0,-0.6377,0.4649,0.6142,0,0.4938,0.8587,-0.1373,0,0.25,-0.0519,0.1996,1]},
{"frame":209,"values":[0.586,-0.2181,0.7804,0,-0.6351,0.4744,0.6096,0,0.5031,0.8529,-0.1395,0,0.25,-0.0525,0.2002,1]},
{"frame":210,"values":[0.5813,-0.2202,0.7833,0,-0.6327,0.483,0.6053,0,0.5116,0.8475,-0.1414,0,0.25,-0.053,0.2008,1]},
{"frame":211,"values":[0.577,-0.2221,0.786,0,-0.6304,0.4907,0.6015,0,0.5193,0.8426,-0.1431,0,0.25,-0.0535,0.2013,1]},
{"frame":212,"values":[0.5732,-0.2237,0.7883,0,-0.6283,0.4976,0.598,0,0.526,0.8381,-0.1446,0,0.25,-0.0539,0.2019,1]},
{"frame":213,"values":[0.5698,-0.2252,0.7904,0,-0.6264,0.5036,0.595,0,0.532,0.8341,-0.1459,0,0.25,-0.0543,0.2025,1]},
{"frame":214,"values":[0.5668,-0.2264,0.7921,0,-0.6247,0.5088,0.5924,0,0.5371,0.8306,-0.147,0,0.25,-0.0547,0.203,1]},
{"frame":215,"values":[0.5644,-0.2274,0.7936,0,-0.6232,0.5132,0.5902,0,0.5414,0.8276,-0.1479,0,0.25,-0.055,0.2035,1]},
{"frame":216,"values":[0.5623,-0.2282,0.7948,0,-0.6219,0.5167,0.5884,0,0.545,0.8252,-0.1486,0,0.25,-0.0552,0.2041,1]},
{"frame":217,"values":[0.5608,-0.2288,0.7957,0,-0.621,0.5195,0.587,0,0.5477,0.8233,-0.1492,0,0.25,-0.0554,0.2046,1]},
{"frame":218,"values":[0.5597,-0.2293,0.7964,0,-0.6203,0.5214,0.586,0,0.5496,0.8219,-0.1496,0,0.25,-0.0556,0.2051,1]},
{"frame":219,"values":[0.559,-0.2295,0.7968,0,-0.6198,0.5226,0.5854,0,0.5507,0.8211,-0.1499,0,0.25,-0.0557,0.2055,1]},
{"frame":220,"values":[0.5588,-0.2296,0.7969,0,-0.6197,0.523,0.5852,0,0.5511,0.8208,-0.1499,0,0.25,-0.0557,0.206,1]},
{"frame":221,"values":[0.5588,-0.2296,0.7969,0,-0.6197,0.523,0.5852,0,0.5511,0.8208,-0.1499,0,0.2499,-0.0556,0.2065,1]},
{"frame":222,"values":[0.5588,-0.2296,0.7969,0,-0.6197,0.523,0.5852,0,0.5511,0.8208,-0.1499,0,0.2496,-0.0553,0.207,1]},
{"frame":223,"values":[0.5588,-0.2296,0.7969,0,-0.6197,0.523,0.5852,0,0.5511,0.8208,-0.1499,0,0.2491,-0.0549,0.2076,1]},
{"frame":224,"values":[0.5588,-0.2296,0.7969,0,-0.6197,0.523,0.5852,0,0.5511,0.8208,-0.1499,0,0.2484,-0.0544,0.2082,1]},
{"frame":225,"values":[0.5588,-0.2296,0.7969,0,-0.6197,0.523,0.5852,0,0.5511,0.8208,-0.1499,0,0.2477,-0.0537,0.2088,1]},
{"frame":226,"values":[0.5588,-0.2296,0.7969,0,-0.6197,0.523,0.5852,0,0.5511,0.8208,-0.1499,0,0.2469,-0.0531,0.2094,1]},
{"frame":227,"values":[0.5588,-0.2296,0.7969,0,-0.6197,0.523,0.5852,0,0.5511,0.8208,-0.1499,0,0.2462,-0.0525,0.2098,1]},
{"frame":228,"values":[0.5588,-0.2296,0.7969,0,-0.6197,0.523,0.5852,0,0.5511,0.8208,-0.1499,0,0.2457,-0.0521,0.2101,1]},
{"frame":229,"values":[0.5588,-0.2296,0.7969,0,-0.6197,0.523,0.5852,0,0.5511,0.8208,-0.1499,0,0.2454,-0.0518,0.2103,1]},
{"frame":230,"values":[0.5588,-0.2296,0.7969,0,-0.6197,0.523,0.5852,0,0.5511,0.8208,-0.1499,0,0.2453,-0.0517,0.2104,1]},
{"frame":231,"values":[0.5588,-0.2296,0.7969,0,-0.6197,0.523,0.5852,0,0.5511,0.8208,-0.1499,0,0.2457,-0.052,0.2101,1]},
{"frame":232,"values":[0.5588,-0.2296,0.7969,0,-0.6197,0.523,0.5852,0,0.5511,0.8208,-0.1499,0,0.2468,-0.053,0.209,1]},
{"frame":233,"values":[0.5588,-0.2296,0.7969,0,-0.6197,0.523,0.5852,0,0.5511,0.8208,-0.1499,0,0.2485,-0.0544,0.2074,1]},
{"frame":234,"values":[0.5588,-0.2296,0.7969,0,-0.6197,0.523,0.5852,0,0.5511,0.8208,-0.1499,0,0.2508,-0.0563,0.2053,1]},
{"frame":235,"values":[0.5588,-0.2296,0.7969,0,-0.6197,0.523,0.5852,0,0.5511,0.8208,-0.1499,0,0.2533,-0.0585,0.2028,1]},
{"frame":236,"values":[0.5588,-0.2296,0.7969,0,-0.6197,0.523,0.5852,0,0.5511,0.8208,-0.1499,0,0.2559,-0.0607,0.2004,1]},
{"frame":237,"values":[0.5588,-0.2296,0.7969,0,-0.6197,0.523,0.5852,0,0.5511,0.8208,-0.1499,0,0.2582,-0.0626,0.1982,1]},
{"frame":238,"values":[0.5588,-0.2296,0.7969,0,-0.6197,0.523,0.5852,0,0.5511,0.8208,-0.1499,0,0.2599,-0.0641,0.1966,1]},
{"frame":239,"values":[0.5588,-0.2296,0.7969,0,-0.6197,0.523,0.5852,0,0.5511,0.8208,-0.1499,0,0.261,-0.065,0.1956,1]},
{"frame":240,"values":[0.5588,-0.2296,0.7969,0,-0.6197,0.523,0.5852,0,0.5511,0.8208,-0.1499,0,0.2614,-0.0653,0.1952,1]},
{"frame":241,"values":[0.5594,-0.2297,0.7964,0,-0.6195,0.5225,0.5858,0,0.5507,0.8211,-0.1501,0,0.2612,-0.0651,0.1953,1]},
{"frame":242,"values":[0.5614,-0.2298,0.795,0,-0.6188,0.5212,0.5877,0,0.5494,0.8219,-0.1504,0,0.2607,-0.0647,0.1953,1]},
{"frame":243,"values":[0.5648,-0.2301,0.7925,0,-0.6177,0.5189,0.5909,0,0.5472,0.8233,-0.151,0,0.2599,-0.0639,0.1953,1]},
{"frame":244,"values":[0.5695,-0.2304,0.789,0,-0.6162,0.5157,0.5953,0,0.5441,0.8252,-0.1518,0,0.2589,-0.0628,0.1954,1]},
{"frame":245,"values":[0.5756,-0.2308,0.7845,0,-0.6141,0.5116,0.601,0,0.54,0.8277,-0.1528,0,0.2577,-0.0614,0.1954,1]},
{"frame":246,"values":[0.5829,-0.2312,0.7789,0,-0.6114,0.5065,0.6079,0,0.5351,0.8307,-0.1539,0,0.2564,-0.0599,0.1955,1]},
{"frame":247,"values":[0.5916,-0.2316,0.7722,0,-0.6082,0.5005,0.6161,0,0.5292,0.8342,-0.1552,0,0.2553,-0.0582,0.1955,1]},
{"frame":248,"values":[0.6016,-0.232,0.7643,0,-0.6043,0.4935,0.6255,0,0.5223,0.8382,-0.1567,0,0.2544,-0.0567,0.1956,1]},
{"frame":249,"values":[0.6129,-0.2323,0.7553,0,-0.5998,0.4855,0.6361,0,0.5145,0.8428,-0.1582,0,0.2537,-0.0552,0.1956,1]},
{"frame":250,"values":[0.6253,-0.2326,0.7449,0,-0.5945,0.4765,0.6477,0,0.5056,0.8478,-0.1597,0,0.2534,-0.0539,0.1956,1]},
{"frame":251,"values":[0.6388,-0.2326,0.7333,0,-0.5883,0.4666,0.6605,0,0.4958,0.8534,-0.1612,0,0.2531,-0.0526,0.1956,1]},
{"frame":252,"values":[0.6535,-0.2324,0.7204,0,-0.5812,0.4556,0.6742,0,0.4849,0.8593,-0.1627,0,0.2529,-0.0513,0.1955,1]},
{"frame":253,"values":[0.669,-0.2319,0.7061,0,-0.5732,0.4437,0.6889,0,0.4731,0.8656,-0.1639,0,0.2527,-0.0499,0.1954,1]},
{"frame":254,"values":[0.6855,-0.2311,0.6904,0,-0.5641,0.4309,0.7043,0,0.4603,0.8723,-0.165,0,0.2525,-0.0484,0.1952,1]},
{"frame":255,"values":[0.7027,-0.2299,0.6734,0,-0.554,0.4172,0.7205,0,0.4465,0.8793,-0.1658,0,0.2524,-0.0469,0.195,1]},
{"frame":256,"values":[0.7204,-0.2281,0.6549,0,-0.5426,0.4026,0.7372,0,0.4319,0.8865,-0.1663,0,0.2522,-0.0453,0.1948,1]},
{"frame":257,"values":[0.7387,-0.2259,0.6351,0,-0.5301,0.3872,0.7543,0,0.4163,0.8939,-0.1663,0,0.252,-0.0436,0.1945,1]},
{"frame":258,"values":[0.7572,-0.223,0.6139,0,-0.5164,0.3711,0.7718,0,0.3999,0.9014,-0.1658,0,0.2518,-0.042,0.1941,1]},
{"frame":259,"values":[0.7759,-0.2195,0.5914,0,-0.5014,0.3543,0.7893,0,0.3828,0.909,-0.1648,0,0.2517,-0.0402,0.1938,1]},
{"frame":260,"values":[0.7946,-0.2153,0.5677,0,-0.4852,0.3369,0.8069,0,0.365,0.9166,-0.1632,0,0.2515,-0.0384,0.1933,1]},
{"frame":261,"values":[0.813,-0.2104,0.5429,0,-0.4678,0.3191,0.8242,0,0.3467,0.9241,-0.161,0,0.2514,-0.0366,0.1929,1]},
{"frame":262,"values":[0.8311,-0.2047,0.5171,0,-0.4493,0.3009,0.8412,0,0.3278,0.9314,-0.1581,0,0.2512,-0.0348,0.1924,1]},
{"frame":263,"values":[0.8486,-0.1984,0.4904,0,-0.4296,0.2825,0.8577,0,0.3087,0.9385,-0.1545,0,0.2511,-0.0329,0.1918,1]},
{"frame":264,"values":[0.8654,-0.1913,0.4631,0,-0.409,0.264,0.8735,0,0.2893,0.9454,-0.1502,0,0.251,-0.031,0.1913,1]},
{"frame":265,"values":[0.8815,-0.1835,0.4352,0,-0.3876,0.2455,0.8886,0,0.2699,0.9519,-0.1453,0,0.2509,-0.0291,0.1907,1]},
{"frame":266,"values":[0.8965,-0.1751,0.4069,0,-0.3654,0.2272,0.9027,0,0.2505,0.958,-0.1397,0,0.2508,-0.0271,0.1901,1]},
{"frame":267,"values":[0.9106,-0.1661,0.3785,0,-0.3426,0.2091,0.9159,0,0.2313,0.9637,-0.1335,0,0.2507,-0.0252,0.1894,1]},
{"frame":268,"values":[0.9235,-0.1567,0.3502,0,-0.3195,0.1914,0.9281,0,0.2124,0.9689,-0.1267,0,0.2506,-0.0234,0.1888,1]},
{"frame":269,"values":[0.9352,-0.1468,0.3221,0,-0.2961,0.1742,0.9391,0,0.194,0.9737,-0.1195,0,0.2505,-0.0215,0.1881,1]},
{"frame":270,"values":[0.9458,-0.1366,0.2945,0,-0.2728,0.1576,0.9491,0,0.1761,0.978,-0.1118,0,0.2504,-0.0197,0.1874,1]},
{"frame":271,"values":[0.9553,-0.1262,0.2675,0,-0.2495,0.1417,0.9579,0,0.1588,0.9818,-0.1039,0,0.2504,-0.0179,0.1868,1]},
{"frame":272,"values":[0.9635,-0.1157,0.2413,0,-0.2266,0.1265,0.9657,0,0.1422,0.9852,-0.0957,0,0.2503,-0.0161,0.1861,1]},
{"frame":273,"values":[0.9707,-0.1051,0.216,0,-0.2042,0.1122,0.9725,0,0.1265,0.9881,-0.0874,0,0.2502,-0.0145,0.1855,1]},
{"frame":274,"values":[0.9769,-0.0947,0.1918,0,-0.1825,0.0987,0.9782,0,0.1116,0.9906,-0.0791,0,0.2502,-0.0129,0.1848,1]},
{"frame":275,"values":[0.982,-0.0845,0.1688,0,-0.1616,0.0861,0.9831,0,0.0976,0.9927,-0.0709,0,0.2502,-0.0113,0.1842,1]},
{"frame":276,"values":[0.9863,-0.0746,0.1471,0,-0.1416,0.0744,0.9871,0,0.0846,0.9944,-0.0628,0,0.2501,-0.0099,0.1836,1]},
{"frame":277,"values":[0.9898,-0.065,0.1268,0,-0.1227,0.0636,0.9904,0,0.0725,0.9959,-0.0549,0,0.2501,-0.0085,0.1831,1]},
{"frame":278,"values":[0.9926,-0.0559,0.1079,0,-0.1049,0.0537,0.993,0,0.0613,0.997,-0.0474,0,0.2501,-0.0072,0.1825,1]},
{"frame":279,"values":[0.9948,-0.0474,0.0905,0,-0.0884,0.0447,0.9951,0,0.0512,0.9979,-0.0403,0,0.2501,-0.0061,0.182,1]},
{"frame":280,"values":[0.9964,-0.0394,0.0746,0,-0.0732,0.0366,0.9966,0,0.042,0.9986,-0.0336,0,0.25,-0.005,0.1816,1]},
{"frame":281,"values":[0.9977,-0.0321,0.0603,0,-0.0593,0.0294,0.9978,0,0.0338,0.9991,-0.0274,0,0.25,-0.004,0.1811,1]},
{"frame":282,"values":[0.9985,-0.0255,0.0475,0,-0.0469,0.023,0.9986,0,0.0265,0.9994,-0.0218,0,0.25,-0.0032,0.1808,1]},
{"frame":283,"values":[0.9992,-0.0196,0.0362,0,-0.0359,0.0175,0.9992,0,0.0202,0.9997,-0.0168,0,0.25,-0.0024,0.1804,1]},
{"frame":284,"values":[0.9995,-0.0144,0.0265,0,-0.0263,0.0127,0.9996,0,0.0147,0.9998,-0.0124,0,0.25,-0.0018,0.1801,1]},
{"frame":285,"values":[0.9998,-0.01,0.0183,0,-0.0182,0.0088,0.9998,0,0.0102,0.9999,-0.0086,0,0.25,-0.0012,0.1799,1]},
{"frame":286,"values":[0.9999,-0.0064,0.0117,0,-0.0117,0.0056,0.9999,0,0.0065,1,-0.0055,0,0.25,-0.0008,0.1797,1]},
{"frame":287,"values":[1,-0.0036,0.0066,0,-0.0065,0.0031,1,0,0.0036,1,-0.0031,0,0.25,-0.0004,0.1795,1]},
{"frame":288,"values":[1,-0.0016,0.0029,0,-0.0029,0.0014,1,0,0.0016,1,-0.0014,0,0.25,-0.0002,0.1794,1]},
{"frame":289,"values":[1,-0.0004,0.0007,0,-0.0007,0.0003,1,0,0.0004,1,-0.0003,0,0.25,0,0.1793,1]},
{"frame":290,"values":[1,0,0,0,0,0,1,0,0,1,0,0,0.25,0,0.1793,1]}],"loopBehavior":1,"name":"anim","property":"_matrix"}},
{"name":"fore_grip_target","index":1,"matrix":[0.9999,-0.0148,0,0,0,0,-1,0,0.0148,0.9999,0,0,0,0.1093,-0.1114,1],"rest":[0.9999,-0.0148,0,0,0,0,-1,0,0.0148,0.9999,0,0,0,0.1007,-0.1144,1],"parentBoneIndex":0,"length":0.0818
,"animation":{"dataType":3,"framePerSecond":60,"keys":[
{"frame":0,"values":[0.9999,-0.0148,0,0,0,0,-1,0,0.0148,0.9999,0,0,0,0.1093,-0.1114,1]},
{"frame":80,"values":[0.9999,-0.0148,0,0,0,0,-1,0,0.0148,0.9999,0,0,0,0.1093,-0.1114,1]},
{"frame":90,"values":[0.9999,-0.0148,0,0,0,0,-1,0,0.0148,0.9999,0,0,0,0.1093,-0.1114,1]},
{"frame":100,"values":[0.9999,-0.0148,0,0,0,0,-1,0,0.0148,0.9999,0,0,0,0.1093,-0.1114,1]},
{"frame":110,"values":[0.9999,-0.0148,0,0,0,0,-1,0,0.0148,0.9999,0,0,0,0.1093,-0.1114,1]},
{"frame":290,"values":[0.9999,-0.0148,0,0,0,0,-1,0,0.0148,0.9999,0,0,0,0.1093,-0.1114,1]}],"loopBehavior":1,"name":"anim","property":"_matrix"}},
{"name":"rear_grip_target","index":2,"matrix":[0.9683,-0.0346,-0.2474,0,0.2492,0.2046,0.9466,0,0.0179,-0.9782,0.2067,0,-0.0029,-0.0049,-0.083,1],"rest":[0.9999,-0.0146,0.0019,0,0,-0.1314,-0.9913,0,0.0148,0.9912,-0.1314,0,0,-0.0106,-0.0507,1],"parentBoneIndex":0,"length":0.0825
,"animation":{"dataType":3,"framePerSecond":60,"keys":[
{"frame":0,"values":[0.9683,-0.0346,-0.2474,0,0.2492,0.2046,0.9466,0,0.0179,-0.9782,0.2067,0,-0.0029,-0.0049,-0.083,1]},
{"frame":80,"values":[0.9683,-0.0346,-0.2474,0,0.2492,0.2046,0.9466,0,0.0179,-0.9782,0.2067,0,-0.0029,-0.0049,-0.083,1]},
{"frame":90,"values":[0.9683,-0.0346,-0.2474,0,0.2492,0.2046,0.9466,0,0.0179,-0.9782,0.2067,0,-0.0029,-0.0049,-0.083,1]},
{"frame":100,"values":[0.9683,-0.0346,-0.2474,0,0.2492,0.2046,0.9466,0,0.0179,-0.9782,0.2067,0,-0.0029,-0.0049,-0.083,1]},
{"frame":110,"values":[0.9683,-0.0346,-0.2474,0,0.2492,0.2046,0.9466,0,0.0179,-0.9782,0.2067,0,-0.0029,-0.0049,-0.083,1]},
{"frame":290,"values":[0.9683,-0.0346,-0.2474,0,0.2492,0.2046,0.9466,0,0.0179,-0.9782,0.2067,0,-0.0029,-0.0049,-0.083,1]}],"loopBehavior":1,"name":"anim","property":"_matrix"}},
{"name":"rocket_reload_target","index":3,"matrix":[1,0,0,0,0,1,0,0,0,0,1,0,0,0.2182,0,1],"rest":[1,0,0,0,0,1,0,0,0,0,1,0,0,0.2319,0,1],"parentBoneIndex":0,"length":0.1463
,"animation":{"dataType":3,"framePerSecond":60,"keys":[
{"frame":0,"values":[1,0,0,0,0,1,0,0,0,0,1,0,0,0.2182,0,1]},
{"frame":80,"values":[1,0,0,0,0,1,0,0,0,0,1,0,0,0.2182,0,1]},
{"frame":90,"values":[1,0,0,0,0,1,0,0,0,0,1,0,0,0.2182,0,1]},
{"frame":100,"values":[1,0,0,0,0,1,0,0,0,0,1,0,0,0.2182,0,1]},
{"frame":110,"values":[1,0,0,0,0,1,0,0,0,0,1,0,0,0.2182,0,1]},
{"frame":290,"values":[1,0,0,0,0,1,0,0,0,0,1,0,0,0.2182,0,1]}],"loopBehavior":1,"name":"anim","property":"_matrix"}},
{"name":"gripHand","index":4,"matrix":[0.9999,0,-0.0148,0,0,-1,0,0,0.0148,0,0.9999,0,0.25,-0.1114,0.2886,1],"rest":[1,0,-0.0001,0,0,-1,0,0,0.0001,0,1,0,0.25,0,0.25,1],"parentBoneIndex":-1,"length":0.05
,"animation":{"dataType":3,"framePerSecond":60,"keys":[
{"frame":0,"values":[0.9999,0,-0.0148,0,0,-1,0,0,0.0148,0,0.9999,0,0.25,-0.1114,0.2886,1]},
{"frame":1,"values":[0.9999,0,-0.0148,0,0,-1,-0.002,0,0.0148,-0.002,0.9999,0,0.25,-0.1118,0.2888,1]},
{"frame":2,"values":[0.9999,0.0001,-0.0148,0,0,-1,-0.0077,0,0.0148,-0.0077,0.9999,0,0.25,-0.1129,0.2897,1]},
{"frame":3,"values":[0.9999,0.0002,-0.0148,0,0,-0.9999,-0.016,0,0.0148,-0.016,0.9998,0,0.25,-0.1144,0.291,1]},
{"frame":4,"values":[0.9999,0.0004,-0.0148,0,0,-0.9997,-0.0242,0,0.0148,-0.0242,0.9996,0,0.25,-0.116,0.2926,1]},
{"frame":5,"values":[0.9999,0.0004,-0.0148,0,0,-0.9996,-0.03,0,0.0148,-0.03,0.9994,0,0.25,-0.1171,0.2941,1]},
{"frame":6,"values":[0.9999,0.0005,-0.0148,0,0,-0.9995,-0.032,0,0.0148,-0.032,0.9994,0,0.25,-0.1174,0.2954,1]},
{"frame":7,"values":[0.9999,0.0005,-0.0148,0,0,-0.9995,-0.0312,0,0.0148,-0.0312,0.9994,0,0.25,-0.1172,0.2966,1]},
{"frame":8,"values":[0.9999,0.0004,-0.0148,0,0,-0.9996,-0.0288,0,0.0148,-0.0288,0.9995,0,0.25,-0.1166,0.298,1]},
{"frame":9,"values":[0.9999,0.0004,-0.0148,0,0,-0.9997,-0.0249,0,0.0148,-0.0249,0.9996,0,0.25,-0.1154,0.2994,1]},
{"frame":10,"values":[0.9999,0.0003,-0.0148,0,0,-0.9998,-0.0196,0,0.0148,-0.0196,0.9997,0,0.25,-0.1139,0.3009,1]},
{"frame":11,"values":[0.9999,0.0002,-0.0148,0,0,-0.9999,-0.0131,0,0.0148,-0.0131,0.9998,0,0.25,-0.1121,0.3024,1]},
{"frame":12,"values":[0.9999,0.0001,-0.0148,0,0,-1,-0.006,0,0.0148,-0.006,0.9999,0,0.25,-0.1101,0.3038,1]},
{"frame":13,"values":[0.9999,0,-0.0148,0,0,-1,0.0011,0,0.0148,0.0011,0.9999,0,0.25,-0.1081,0.305,1]},
{"frame":14,"values":[0.9999,-0.0001,-0.0148,0,0,-1,0.0078,0,0.0148,0.0078,0.9999,0,0.25,-0.1063,0.3061,1]},
{"frame":15,"values":[0.9999,-0.0002,-0.0148,0,0,-0.9999,0.0136,0,0.0148,0.0135,0.9998,0,0.25,-0.1047,0.3069,1]},
{"frame":16,"values":[0.9999,-0.0003,-0.0148,0,0,-0.9998,0.0182,0,0.0148,0.0182,0.9997,0,0.25,-0.1035,0.3075,1]},
{"frame":17,"values":[0.9999,-0.0003,-0.0148,0,0,-0.9998,0.0215,0,0.0148,0.0215,0.9997,0,0.25,-0.1026,0.3079,1]},
{"frame":18,"values":[0.9999,-0.0004,-0.0148,0,0,-0.9997,0.0242,0,0.0148,0.0242,0.9996,0,0.25,-0.102,0.3082,1]},
{"frame":19,"values":[0.9999,-0.0004,-0.0148,0,0,-0.9996,0.0267,0,0.0148,0.0267,0.9995,0,0.25,-0.1014,0.3083,1]},
{"frame":20,"values":[0.9999,-0.0004,-0.0148,0,0,-0.9996,0.029,0,0.0148,0.029,0.9995,0,0.25,-0.1008,0.3082,1]},
{"frame":21,"values":[0.9999,-0.0005,-0.0148,0,0,-0.9995,0.0311,0,0.0148,0.0311,0.9994,0,0.25,-0.1003,0.308,1]},
{"frame":22,"values":[0.9999,-0.0005,-0.0148,0,0,-0.9995,0.033,0,0.0148,0.033,0.9993,0,0.25,-0.0998,0.3076,1]},
{"frame":23,"values":[0.9999,-0.0005,-0.0148,0,0,-0.9994,0.0347,0,0.0148,0.0347,0.9993,0,0.25,-0.0994,0.3072,1]},
{"frame":24,"values":[0.9999,-0.0005,-0.0148,0,0,-0.9993,0.0361,0,0.0148,0.0361,0.9992,0,0.25,-0.099,0.3066,1]},
{"frame":25,"values":[0.9999,-0.0006,-0.0148,0,0,-0.9993,0.0373,0,0.0148,0.0373,0.9992,0,0.25,-0.0987,0.3058,1]},
{"frame":26,"values":[0.9999,-0.0006,-0.0148,0,0,-0.9993,0.0383,0,0.0148,0.0383,0.9992,0,0.25,-0.0985,0.3051,1]},
{"frame":27,"values":[0.9999,-0.0006,-0.0148,0,0,-0.9992,0.0391,0,0.0148,0.039,0.9991,0,0.25,-0.0983,0.3042,1]},
{"frame":28,"values":[0.9999,-0.0006,-0.0148,0,0,-0.9992,0.0396,0,0.0148,0.0396,0.9991,0,0.25,-0.0981,0.3034,1]},
{"frame":29,"values":[0.9999,-0.0006,-0.0148,0,0,-0.9992,0.0401,0,0.0148,0.04,0.9991,0,0.25,-0.098,0.3025,1]},
{"frame":30,"values":[0.9999,-0.0006,-0.0148,0,0,-0.9992,0.0403,0,0.0148,0.0403,0.9991,0,0.25,-0.098,0.3017,1]},
{"frame":31,"values":[0.9999,-0.0006,-0.0148,0,0,-0.9992,0.0405,0,0.0148,0.0405,0.9991,0,0.25,-0.0979,0.301,1]},
{"frame":32,"values":[0.9999,-0.0006,-0.0148,0,0,-0.9992,0.0406,0,0.0148,0.0406,0.9991,0,0.25,-0.0979,0.3003,1]},
{"frame":33,"values":[0.9999,-0.0006,-0.0148,0,0,-0.9992,0.0407,0,0.0148,0.0407,0.9991,0,0.25,-0.0979,0.2997,1]},
{"frame":34,"values":[0.9999,-0.0006,-0.0148,0,0,-0.9992,0.0407,0,0.0148,0.0407,0.9991,0,0.25,-0.0979,0.2993,1]},
{"frame":35,"values":[0.9999,-0.0006,-0.0148,0,0,-0.9992,0.0407,0,0.0148,0.0407,0.9991,0,0.25,-0.0979,0.2989,1]},
{"frame":36,"values":[0.9999,-0.0006,-0.0148,0,0,-0.9992,0.0406,0,0.0148,0.0406,0.9991,0,0.25,-0.0979,0.2985,1]},
{"frame":37,"values":[0.9999,-0.0006,-0.0148,0,0,-0.9992,0.0405,0,0.0148,0.0405,0.9991,0,0.25,-0.0979,0.2982,1]},
{"frame":38,"values":[0.9999,-0.0006,-0.0148,0,0,-0.9992,0.0403,0,0.0148,0.0403,0.9991,0,0.25,-0.098,0.2979,1]},
