{"producer":{"name":"Blender","version":"2.79 (sub 0)","exporter_version":"5.6.0","file":"gun_cluck9mm.babylon"},
"autoClear":true,"clearColor":[0.0509,0.0509,0.0509],"ambientColor":[0,0,0],"gravity":[0,-9.81,0],
"materials":[{"name":"gun_cluck9mm.phong1.001","id":"gun_cluck9mm.phong1.001","ambient":[0.5,0.5,0.5],"diffuse":[0.4,0.4,0.4],"specular":[0,0,0],"emissive":[0,0,0],"specularPower":103,"alpha":1,"backFaceCulling":true,"checkReadyOnlyOnce":false,"maxSimultaneousLights":4},
{"name":"gun_cluck9mm.phong1.002","id":"gun_cluck9mm.phong1.002","ambient":[0.5,0.5,0.5],"diffuse":[0.4,0.4,0.4],"specular":[0,0,0],"emissive":[0,0,0],"specularPower":103,"alpha":1,"backFaceCulling":true,"checkReadyOnlyOnce":false,"maxSimultaneousLights":4},
{"name":"gun_cluck9mm.phong1.003","id":"gun_cluck9mm.phong1.003","ambient":[0.5,0.5,0.5],"diffuse":[0.4,0.4,0.4],"specular":[0,0,0],"emissive":[0,0,0],"specularPower":103,"alpha":1,"backFaceCulling":true,"checkReadyOnlyOnce":false,"maxSimultaneousLights":4},
{"name":"gun_cluck9mm.phong1.004","id":"gun_cluck9mm.phong1.004","ambient":[0.5,0.5,0.5],"diffuse":[0.4,0.4,0.4],"specular":[0,0,0],"emissive":[0,0,0],"specularPower":103,"alpha":1,"backFaceCulling":true,"checkReadyOnlyOnce":false,"maxSimultaneousLights":4},
{"name":"gun_cluck9mm.phong1.005","id":"gun_cluck9mm.phong1.005","ambient":[0.5,0.5,0.5],"diffuse":[0.4,0.4,0.4],"specular":[0,0,0],"emissive":[0,0,0],"specularPower":103,"alpha":1,"backFaceCulling":true,"checkReadyOnlyOnce":false,"maxSimultaneousLights":4},
{"name":"gun_cluck9mm.phong1.006","id":"gun_cluck9mm.phong1.006","ambient":[0.5,0.5,0.5],"diffuse":[0.4,0.4,0.4],"specular":[0,0,0],"emissive":[0,0,0],"specularPower":103,"alpha":1,"backFaceCulling":true,"checkReadyOnlyOnce":false,"maxSimultaneousLights":4},
{"name":"gun_cluck9mm.phong1.007","id":"gun_cluck9mm.phong1.007","ambient":[0.5,0.5,0.5],"diffuse":[0.4,0.4,0.4],"specular":[0,0,0],"emissive":[0,0,0],"specularPower":103,"alpha":1,"backFaceCulling":true,"checkReadyOnlyOnce":false,"maxSimultaneousLights":4},
{"name":"gun_cluck9mm.phong1.008","id":"gun_cluck9mm.phong1.008","ambient":[0.5,0.5,0.5],"diffuse":[0.4,0.4,0.4],"specular":[0,0,0],"emissive":[0,0,0],"specularPower":103,"alpha":1,"backFaceCulling":true,"checkReadyOnlyOnce":false,"maxSimultaneousLights":4},
{"name":"gun_cluck9mm.phong1.009","id":"gun_cluck9mm.phong1.009","ambient":[0.5,0.5,0.5],"diffuse":[0.4,0.4,0.4],"specular":[0,0,0],"emissive":[0,0,0],"specularPower":103,"alpha":1,"backFaceCulling":true,"checkReadyOnlyOnce":false,"maxSimultaneousLights":4},
{"name":"gun_cluck9mm.phong1.010","id":"gun_cluck9mm.phong1.010","ambient":[0.5,0.5,0.5],"diffuse":[0.4,0.4,0.4],"specular":[0,0,0],"emissive":[0,0,0],"specularPower":103,"alpha":1,"backFaceCulling":true,"checkReadyOnlyOnce":false,"maxSimultaneousLights":4},
{"name":"gun_cluck9mm.phong1","id":"gun_cluck9mm.phong1","ambient":[0.5,0.5,0.5],"diffuse":[0.4,0.4,0.4],"specular":[0,0,0],"emissive":[0,0,0],"specularPower":103,"alpha":1,"backFaceCulling":true,"checkReadyOnlyOnce":false,"maxSimultaneousLights":4},
{"name":"gun_cluck9mm.standard","id":"gun_cluck9mm.standard","ambient":[0.8,0.8,0.8],"diffuse":[0.8,0.8,0.8],"specular":[0,0,0],"emissive":[0,0,0],"specularPower":50,"alpha":1,"backFaceCulling":true,"checkReadyOnlyOnce":false,"maxSimultaneousLights":4}],
"multiMaterials":[],
"skeletons":[{"name":"gun_cluck9mm_skeleton","id":0,"dimensionsAtRest":[0.5,0.2185,0.4554],"bones":[
{"name":"body","index":0,"matrix":[1,0,0,0,0,0,1,0,0,1,0,0,0.25,0,0.366,1],"rest":[1,0,0,0,0,0,1,0,0,1,0,0,0,0,0,1],"parentBoneIndex":-1,"length":0.1064
,"animation":{"dataType":3,"framePerSecond":60,"keys":[
{"frame":0,"values":[1,0,0,0,0,0,1,0,0,1,0,0,0.25,0,0.366,1]},
{"frame":1,"values":[1,0,0,0,0,0.03,0.9995,0,0,0.9995,-0.03,0,0.25,0.0039,0.3559,1]},
{"frame":2,"values":[1,0,0,0,0,0.0274,0.9996,0,0,0.9996,-0.0274,0,0.25,0.0035,0.3568,1]},
{"frame":3,"values":[1,0,0,0,0,0.0198,0.9998,0,0,0.9998,-0.0198,0,0.25,0.0026,0.3594,1]},
{"frame":4,"values":[1,0,0,0,0,0.0102,0.9999,0,0,0.9999,-0.0102,0,0.25,0.0013,0.3626,1]},
{"frame":5,"values":[1,0,0,0,0,0.0027,1,0,0,1,-0.0027,0,0.25,0.0003,0.3651,1]},
{"frame":6,"values":[1,0,0,0,0,0,1,0,0,1,0,0,0.25,0,0.366,1]},
{"frame":20,"values":[1,0,0,0,0,0,1,0,0,1,0,0,0.25,0,0.366,1]},
{"frame":21,"values":[1,-0.0013,0,0,0,0.0005,1,0,0.0013,1,-0.0005,0,0.25,0.0001,0.366,1]},
{"frame":22,"values":[1,-0.0054,0.0002,0,-0.0002,0.0021,1,0,0.0054,1,-0.0021,0,0.2499,0.0005,0.3662,1]},
{"frame":23,"values":[0.9999,-0.0122,0.0005,0,-0.0004,0.0048,1,0,0.0122,0.9999,-0.0048,0,0.2498,0.001,0.3663,1]},
{"frame":24,"values":[0.9998,-0.0217,0.0009,0,-0.0007,0.0086,1,0,0.0217,0.9997,-0.0086,0,0.2496,0.0018,0.3666,1]},
{"frame":25,"values":[0.9994,-0.034,0.0015,0,-0.001,0.0135,0.9999,0,0.034,0.9993,-0.0134,0,0.2493,0.0028,0.3669,1]},
{"frame":26,"values":[0.9988,-0.049,0.0023,0,-0.0014,0.0195,0.9998,0,0.0491,0.9986,-0.0194,0,0.249,0.004,0.3672,1]},
{"frame":27,"values":[0.9978,-0.0668,0.0035,0,-0.0017,0.0265,0.9996,0,0.0669,0.9974,-0.0263,0,0.2487,0.0053,0.3676,1]},
{"frame":28,"values":[0.9962,-0.0872,0.005,0,-0.002,0.0347,0.9994,0,0.0873,0.9956,-0.0344,0,0.2483,0.0069,0.3681,1]},
{"frame":29,"values":[0.9939,-0.1101,0.007,0,-0.0022,0.0438,0.999,0,0.1103,0.993,-0.0433,0,0.2479,0.0087,0.3686,1]},
{"frame":30,"values":[0.9908,-0.1354,0.0095,0,-0.0022,0.054,0.9985,0,0.1357,0.9893,-0.0532,0,0.2474,0.0106,0.3692,1]},
{"frame":31,"values":[0.9866,-0.1628,0.0125,0,-0.002,0.0651,0.9979,0,0.1633,0.9845,-0.0639,0,0.247,0.0127,0.3698,1]},
{"frame":32,"values":[0.9812,-0.1922,0.0163,0,-0.0015,0.077,0.997,0,0.1928,0.9783,-0.0753,0,0.2464,0.015,0.3705,1]},
{"frame":33,"values":[0.9746,-0.2231,0.0207,0,-0.0006,0.0897,0.996,0,0.2241,0.9707,-0.0872,0,0.2459,0.0174,0.3711,1]},
{"frame":34,"values":[0.9665,-0.2553,0.0259,0,0.0005,0.1029,0.9947,0,0.2566,0.9614,-0.0996,0,0.2453,0.02,0.3719,1]},
{"frame":35,"values":[0.957,-0.2884,0.0319,0,0.0021,0.1166,0.9932,0,0.2902,0.9504,-0.1122,0,0.2447,0.0227,0.3726,1]},
{"frame":36,"values":[0.946,-0.3219,0.0386,0,0.004,0.1307,0.9914,0,0.3242,0.9377,-0.1249,0,0.244,0.0256,0.3734,1]},
{"frame":37,"values":[0.9336,-0.3555,0.0461,0,0.0063,0.1449,0.9894,0,0.3584,0.9234,-0.1375,0,0.2434,0.0285,0.3742,1]},
{"frame":38,"values":[0.9198,-0.3886,0.0543,0,0.0089,0.1591,0.9872,0,0.3922,0.9076,-0.1498,0,0.2427,0.0316,0.3751,1]},
{"frame":39,"values":[0.9049,-0.4208,0.0631,0,0.0118,0.1731,0.9848,0,0.4254,0.8905,-0.1616,0,0.242,0.0347,0.3759,1]},
{"frame":40,"values":[0.8891,-0.4519,0.0724,0,0.0149,0.1868,0.9823,0,0.4574,0.8723,-0.1729,0,0.2413,0.038,0.3768,1]},
{"frame":41,"values":[0.8726,-0.4814,0.0822,0,0.0181,0.2001,0.9796,0,0.488,0.8534,-0.1834,0,0.2407,0.0413,0.3776,1]},
{"frame":42,"values":[0.8558,-0.5091,0.0922,0,0.0214,0.2128,0.9769,0,0.5169,0.834,-0.193,0,0.24,0.0446,0.3785,1]},
{"frame":43,"values":[0.8388,-0.5347,0.1024,0,0.0245,0.2249,0.9741,0,0.5438,0.8146,-0.2017,0,0.2393,0.048,0.3793,1]},
{"frame":44,"values":[0.8221,-0.5581,0.1126,0,0.0274,0.2362,0.9713,0,0.5687,0.7954,-0.2095,0,0.2386,0.0514,0.3801,1]},
{"frame":45,"values":[0.8059,-0.5792,0.1227,0,0.0299,0.2468,0.9686,0,0.5913,0.7769,-0.2162,0,0.238,0.0548,0.3809,1]},
{"frame":46,"values":[0.7904,-0.598,0.1326,0,0.0321,0.2566,0.966,0,0.6117,0.7593,-0.222,0,0.2374,0.0582,0.3817,1]},
{"frame":47,"values":[0.776,-0.6145,0.1421,0,0.0337,0.2655,0.9635,0,0.6298,0.7429,-0.2267,0,0.2368,0.0616,0.3824,1]},
{"frame":48,"values":[0.7629,-0.6286,0.1513,0,0.0347,0.2735,0.9612,0,0.6456,0.728,-0.2305,0,0.2362,0.0649,0.3831,1]},
{"frame":49,"values":[0.7511,-0.6405,0.16,0,0.0351,0.2808,0.9591,0,0.6592,0.7148,-0.2334,0,0.2357,0.0681,0.3837,1]},
{"frame":50,"values":[0.7409,-0.6502,0.1682,0,0.0347,0.2872,0.9572,0,0.6707,0.7034,-0.2353,0,0.2353,0.0713,0.3843,1]},
{"frame":51,"values":[0.7324,-0.6578,0.1758,0,0.0335,0.2928,0.9556,0,0.6801,0.694,-0.2365,0,0.2349,0.0743,0.3848,1]},
{"frame":52,"values":[0.7256,-0.6634,0.1829,0,0.0315,0.2975,0.9542,0,0.6874,0.6866,-0.2368,0,0.2345,0.0771,0.3852,1]},
{"frame":53,"values":[0.7206,-0.667,0.1893,0,0.0287,0.3015,0.953,0,0.6927,0.6813,-0.2364,0,0.2343,0.0798,0.3855,1]},
{"frame":54,"values":[0.7174,-0.6687,0.1951,0,0.025,0.3046,0.9521,0,0.6962,0.6782,-0.2353,0,0.2342,0.0823,0.3857,1]},
{"frame":55,"values":[0.7161,-0.6686,0.2003,0,0.0205,0.307,0.9515,0,0.6977,0.6773,-0.2335,0,0.2341,0.0845,0.3858,1]},
{"frame":56,"values":[0.7161,-0.6671,0.2053,0,0.0148,0.3085,0.9511,0,0.6978,0.678,-0.2308,0,0.2347,0.0868,0.3858,1]},
{"frame":57,"values":[0.717,-0.6646,0.2102,0,0.0078,0.3092,0.951,0,0.697,0.6802,-0.2269,0,0.2364,0.0892,0.3857,1]},
{"frame":58,"values":[0.7189,-0.6609,0.2152,0,-0.0006,0.3091,0.951,0,0.6951,0.6838,-0.2218,0,0.2387,0.0914,0.3857,1]},
{"frame":59,"values":[0.7217,-0.6562,0.2203,0,-0.0103,0.308,0.9513,0,0.6921,0.6888,-0.2155,0,0.2404,0.0928,0.3857,1]},
{"frame":60,"values":[0.7253,-0.6505,0.2253,0,-0.0213,0.306,0.9518,0,0.6881,0.6952,-0.2081,0,0.241,0.0933,0.3856,1]},
{"frame":61,"values":[0.7298,-0.6436,0.2305,0,-0.0336,0.303,0.9524,0,0.6828,0.7028,-0.1995,0,0.2409,0.0929,0.3854,1]},
{"frame":62,"values":[0.7351,-0.6357,0.2357,0,-0.0471,0.2989,0.9531,0,0.6764,0.7117,-0.1898,0,0.2406,0.0916,0.385,1]},
{"frame":63,"values":[0.741,-0.6268,0.241,0,-0.0617,0.2939,0.9538,0,0.6687,0.7216,-0.1791,0,0.2401,0.0896,0.3843,1]},
{"frame":64,"values":[0.7475,-0.6169,0.2465,0,-0.0773,0.2878,0.9546,0,0.6598,0.7326,-0.1674,0,0.2395,0.0867,0.3834,1]},
{"frame":65,"values":[0.7544,-0.6061,0.252,0,-0.0937,0.2806,0.9552,0,0.6497,0.7442,-0.1549,0,0.2386,0.083,0.3823,1]},
{"frame":66,"values":[0.7617,-0.5945,0.2576,0,-0.1107,0.2724,0.9558,0,0.6384,0.7565,-0.1417,0,0.2376,0.0785,0.3809,1]},
{"frame":67,"values":[0.7692,-0.5822,0.2634,0,-0.1281,0.2633,0.9562,0,0.626,0.7692,-0.128,0,0.2364,0.0733,0.3793,1]},
{"frame":68,"values":[0.7768,-0.5693,0.2692,0,-0.1458,0.2534,0.9563,0,0.6126,0.7821,-0.1139,0,0.235,0.0675,0.3776,1]},
{"frame":69,"values":[0.7844,-0.556,0.2751,0,-0.1634,0.2427,0.9562,0,0.5984,0.795,-0.0995,0,0.2335,0.061,0.3756,1]},
{"frame":70,"values":[0.7917,-0.5424,0.281,0,-0.1808,0.2314,0.9559,0,0.5835,0.8076,-0.0852,0,0.2319,0.0541,0.3736,1]},
{"frame":71,"values":[0.7988,-0.5288,0.2869,0,-0.1977,0.2198,0.9553,0,0.5682,0.8198,-0.071,0,0.2302,0.0468,0.3714,1]},
{"frame":72,"values":[0.8054,-0.5153,0.2927,0,-0.2139,0.2079,0.9545,0,0.5527,0.8314,-0.0572,0,0.2285,0.0393,0.3692,1]},
{"frame":73,"values":[0.8117,-0.5022,0.2984,0,-0.2293,0.1959,0.9534,0,0.5373,0.8423,-0.0439,0,0.2267,0.0318,0.3669,1]},
{"frame":74,"values":[0.8173,-0.4895,0.3039,0,-0.2437,0.1842,0.9522,0,0.5221,0.8523,-0.0313,0,0.225,0.0243,0.3647,1]},
{"frame":75,"values":[0.8225,-0.4775,0.3091,0,-0.2569,0.1729,0.9508,0,0.5075,0.8614,-0.0195,0,0.2233,0.017,0.3626,1]},
{"frame":76,"values":[0.827,-0.4663,0.3139,0,-0.2689,0.1621,0.9494,0,0.4936,0.8696,-0.0087,0,0.2217,0.0101,0.3605,1]},
{"frame":77,"values":[0.831,-0.4561,0.3184,0,-0.2797,0.1521,0.948,0,0.4808,0.8768,0.0011,0,0.2202,0.0036,0.3586,1]},
{"frame":78,"values":[0.8345,-0.4469,0.3224,0,-0.2891,0.143,0.9466,0,0.4691,0.8831,0.0098,0,0.2188,-0.0022,0.3569,1]},
{"frame":79,"values":[0.8374,-0.4388,0.3259,0,-0.2972,0.1349,0.9452,0,0.4588,0.8884,0.0174,0,0.2176,-0.0074,0.3554,1]},
{"frame":80,"values":[0.8398,-0.432,0.3289,0,-0.3039,0.128,0.9441,0,0.4499,0.8928,0.0238,0,0.2166,-0.0119,0.354,1]},
{"frame":81,"values":[0.8417,-0.4263,0.3314,0,-0.3094,0.1222,0.943,0,0.4425,0.8963,0.029,0,0.2157,-0.0156,0.353,1]},
{"frame":82,"values":[0.8431,-0.4219,0.3333,0,-0.3136,0.1177,0.9422,0,0.4368,0.899,0.0331,0,0.215,-0.0185,0.3521,1]},
{"frame":83,"values":[0.8442,-0.4188,0.3347,0,-0.3165,0.1145,0.9416,0,0.4327,0.9008,0.0359,0,0.2146,-0.0205,0.3515,1]},
{"frame":84,"values":[0.8448,-0.4169,0.3355,0,-0.3183,0.1125,0.9413,0,0.4302,0.9019,0.0376,0,0.2143,-0.0218,0.3512,1]},
{"frame":85,"values":[0.845,-0.4163,0.3358,0,-0.3189,0.1119,0.9412,0,0.4294,0.9023,0.0382,0,0.2142,-0.0222,0.351,1]},
{"frame":86,"values":[0.8449,-0.4166,0.3356,0,-0.3185,0.1122,0.9412,0,0.4298,0.9021,0.0379,0,0.2142,-0.0221,0.3511,1]},
{"frame":87,"values":[0.8447,-0.4174,0.335,0,-0.3176,0.113,0.9415,0,0.4308,0.9017,0.0371,0,0.2142,-0.0218,0.3512,1]},
{"frame":88,"values":[0.8444,-0.4188,0.3341,0,-0.316,0.1143,0.9418,0,0.4326,0.9009,0.0358,0,0.2143,-0.0213,0.3514,1]},
{"frame":89,"values":[0.8439,-0.4207,0.3328,0,-0.3137,0.1162,0.9424,0,0.4352,0.8997,0.0339,0,0.2144,-0.0207,0.3516,1]},
{"frame":90,"values":[0.8433,-0.4232,0.3312,0,-0.3108,0.1187,0.943,0,0.4384,0.8982,0.0314,0,0.2145,-0.0198,0.3519,1]},
{"frame":91,"values":[0.8426,-0.4263,0.3292,0,-0.3072,0.1217,0.9438,0,0.4424,0.8964,0.0284,0,0.2147,-0.0188,0.3523,1]},
{"frame":92,"values":[0.8417,-0.4299,0.3268,0,-0.3029,0.1252,0.9448,0,0.447,0.8942,0.0249,0,0.2149,-0.0177,0.3527,1]},
{"frame":93,"values":[0.8406,-0.434,0.3241,0,-0.298,0.1292,0.9458,0,0.4524,0.8916,0.0207,0,0.2151,-0.0164,0.3532,1]},
{"frame":94,"values":[0.8393,-0.4387,0.3211,0,-0.2924,0.1337,0.9469,0,0.4584,0.8886,0.0161,0,0.2153,-0.015,0.3537,1]},
{"frame":95,"values":[0.8378,-0.444,0.3177,0,-0.2861,0.1387,0.9481,0,0.465,0.8852,0.0108,0,0.2156,-0.0134,0.3543,1]},
{"frame":96,"values":[0.8361,-0.4498,0.3141,0,-0.2791,0.1441,0.9494,0,0.4722,0.8815,0.005,0,0.2158,-0.0116,0.355,1]},
{"frame":97,"values":[0.8342,-0.456,0.3101,0,-0.2715,0.1499,0.9507,0,0.48,0.8773,-0.0013,0,0.2161,-0.0098,0.3557,1]},
{"frame":98,"values":[0.832,-0.4628,0.3059,0,-0.2632,0.1561,0.952,0,0.4883,0.8726,-0.0081,0,0.2164,-0.0078,0.3564,1]},
{"frame":99,"values":[0.8296,-0.4699,0.3014,0,-0.2543,0.1627,0.9534,0,0.4971,0.8676,-0.0155,0,0.2168,-0.0057,0.3572,1]},
{"frame":100,"values":[0.827,-0.4775,0.2968,0,-0.2447,0.1695,0.9547,0,0.5062,0.8621,-0.0233,0,0.2171,-0.0034,0.358,1]},
{"frame":101,"values":[0.824,-0.4855,0.292,0,-0.2347,0.1766,0.9559,0,0.5157,0.8562,-0.0315,0,0.2175,-0.0011,0.3589,1]},
{"frame":102,"values":[0.8208,-0.4938,0.287,0,-0.2241,0.1838,0.9571,0,0.5254,0.8499,-0.0402,0,0.2179,0.0013,0.3598,1]},
{"frame":103,"values":[0.8174,-0.5024,0.2819,0,-0.213,0.1912,0.9582,0,0.5353,0.8432,-0.0492,0,0.2183,0.0039,0.3607,1]},
{"frame":104,"values":[0.8136,-0.5113,0.2768,0,-0.2015,0.1986,0.9591,0,0.5454,0.8362,-0.0586,0,0.2187,0.0065,0.3616,1]},
{"frame":105,"values":[0.8096,-0.5203,0.2716,0,-0.1896,0.2061,0.96,0,0.5554,0.8287,-0.0682,0,0.2192,0.0093,0.3626,1]},
{"frame":106,"values":[0.8054,-0.5294,0.2665,0,-0.1775,0.2136,0.9607,0,0.5655,0.821,-0.078,0,0.2197,0.0121,0.3636,1]},
{"frame":107,"values":[0.801,-0.5386,0.2614,0,-0.1651,0.2209,0.9612,0,0.5755,0.8131,-0.088,0,0.2201,0.015,0.3647,1]},
{"frame":108,"values":[0.7963,-0.5478,0.2563,0,-0.1526,0.2281,0.9616,0,0.5853,0.8049,-0.0981,0,0.2206,0.018,0.3657,1]},
{"frame":109,"values":[0.7915,-0.557,0.2514,0,-0.14,0.2352,0.9618,0,0.5949,0.7965,-0.1081,0,0.2212,0.021,0.3668,1]},
{"frame":110,"values":[0.7866,-0.5661,0.2466,0,-0.1275,0.242,0.9619,0,0.6042,0.788,-0.1182,0,0.2217,0.0241,0.3679,1]},
{"frame":111,"values":[0.7816,-0.575,0.242,0,-0.115,0.2485,0.9618,0,0.6131,0.7795,-0.1281,0,0.2222,0.0273,0.369,1]},
{"frame":112,"values":[0.7765,-0.5836,0.2376,0,-0.1028,0.2547,0.9615,0,0.6217,0.771,-0.1378,0,0.2228,0.0305,0.3701,1]},
{"frame":113,"values":[0.7714,-0.592,0.2334,0,-0.0908,0.2607,0.9612,0,0.6299,0.7626,-0.1473,0,0.2233,0.0337,0.3713,1]},
{"frame":114,"values":[0.7663,-0.6001,0.2295,0,-0.0792,0.2662,0.9607,0,0.6376,0.7543,-0.1565,0,0.2239,0.037,0.3724,1]},
{"frame":115,"values":[0.7613,-0.6079,0.2257,0,-0.0679,0.2714,0.9601,0,0.6449,0.7462,-0.1653,0,0.2245,0.0404,0.3735,1]},
{"frame":116,"values":[0.7564,-0.6153,0.2223,0,-0.0572,0.2763,0.9594,0,0.6517,0.7383,-0.1738,0,0.2251,0.0437,0.3747,1]},
{"frame":117,"values":[0.7516,-0.6222,0.2191,0,-0.047,0.2808,0.9586,0,0.658,0.7308,-0.1818,0,0.2257,0.0471,0.3758,1]},
{"frame":118,"values":[0.747,-0.6287,0.2161,0,-0.0374,0.2848,0.9578,0,0.6638,0.7236,-0.1893,0,0.2264,0.0504,0.3769,1]},
{"frame":119,"values":[0.7427,-0.6348,0.2134,0,-0.0284,0.2886,0.957,0,0.6691,0.7168,-0.1963,0,0.227,0.0538,0.3779,1]},
{"frame":120,"values":[0.7386,-0.6403,0.211,0,-0.0201,0.2919,0.9562,0,0.6739,0.7105,-0.2027,0,0.2276,0.0571,0.379,1]},
{"frame":121,"values":[0.7347,-0.6454,0.2088,0,-0.0125,0.2949,0.9555,0,0.6782,0.7046,-0.2086,0,0.2283,0.0604,0.38,1]},
{"frame":122,"values":[0.7312,-0.65,0.2069,0,-0.0057,0.2975,0.9547,0,0.6821,0.6993,-0.2138,0,0.2289,0.0636,0.381,1]},
{"frame":123,"values":[0.728,-0.6541,0.2053,0,0.0003,0.2998,0.954,0,0.6855,0.6945,-0.2185,0,0.2296,0.0668,0.3819,1]},
{"frame":124,"values":[0.7252,-0.6577,0.2039,0,0.0056,0.3017,0.9534,0,0.6885,0.6902,-0.2225,0,0.2302,0.0698,0.3828,1]},
{"frame":125,"values":[0.7227,-0.6607,0.2027,0,0.0101,0.3034,0.9528,0,0.6911,0.6866,-0.2259,0,0.2309,0.0728,0.3836,1]},
{"frame":126,"values":[0.7206,-0.6633,0.2018,0,0.0138,0.3047,0.9524,0,0.6932,0.6835,-0.2287,0,0.2315,0.0756,0.3843,1]},
{"frame":127,"values":[0.7189,-0.6654,0.2011,0,0.0166,0.3057,0.952,0,0.6949,0.681,-0.2308,0,0.2322,0.0782,0.3849,1]},
{"frame":128,"values":[0.7176,-0.667,0.2006,0,0.0187,0.3064,0.9517,0,0.6962,0.6792,-0.2324,0,0.2328,0.0806,0.3853,1]},
{"frame":129,"values":[0.7166,-0.668,0.2004,0,0.02,0.3068,0.9516,0,0.6972,0.6779,-0.2332,0,0.2335,0.0827,0.3856,1]},
{"frame":130,"values":[0.7161,-0.6686,0.2003,0,0.0205,0.307,0.9515,0,0.6977,0.6773,-0.2335,0,0.2341,0.0845,0.3858,1]},
{"frame":131,"values":[0.7157,-0.6689,0.2009,0,0.0199,0.307,0.9515,0,0.6981,0.677,-0.2331,0,0.2349,0.086,0.3856,1]},
{"frame":132,"values":[0.7152,-0.669,0.2023,0,0.0182,0.3072,0.9515,0,0.6987,0.6768,-0.2319,0,0.2359,0.0871,0.3853,1]},
{"frame":133,"values":[0.7146,-0.6689,0.2047,0,0.0152,0.3075,0.9514,0,0.6994,0.6768,-0.2299,0,0.237,0.0878,0.3849,1]},
{"frame":134,"values":[0.7139,-0.6686,0.208,0,0.0111,0.3078,0.9514,0,0.7001,0.6769,-0.2272,0,0.2377,0.0882,0.3846,1]},
{"frame":135,"values":[0.7132,-0.6682,0.212,0,0.0059,0.3082,0.9513,0,0.701,0.6772,-0.2237,0,0.238,0.0883,0.3845,1]},
{"frame":136,"values":[0.7123,-0.6676,0.2166,0,-0.0001,0.3086,0.9512,0,0.7019,0.6776,-0.2197,0,0.2376,0.088,0.3848,1]},
{"frame":137,"values":[0.7114,-0.6669,0.2216,0,-0.0066,0.3089,0.9511,0,0.7027,0.6781,-0.2154,0,0.2365,0.0871,0.3859,1]},
{"frame":138,"values":[0.7105,-0.6662,0.2267,0,-0.0134,0.3092,0.9509,0,0.7036,0.6786,-0.2108,0,0.2346,0.0858,0.3877,1]},
{"frame":139,"values":[0.7096,-0.6655,0.2316,0,-0.0201,0.3094,0.9507,0,0.7043,0.6793,-0.2062,0,0.2322,0.084,0.39,1]},
{"frame":140,"values":[0.7087,-0.6648,0.236,0,-0.0263,0.3094,0.9506,0,0.705,0.6799,-0.2018,0,0.2295,0.082,0.3926,1]},
{"frame":141,"values":[0.708,-0.6643,0.2398,0,-0.0317,0.3093,0.9504,0,0.7055,0.6805,-0.1979,0,0.2267,0.08,0.3952,1]},
{"frame":142,"values":[0.7074,-0.6639,0.2427,0,-0.0361,0.3089,0.9504,0,0.7059,0.681,-0.1945,0,0.2243,0.0782,0.3975,1]},
{"frame":143,"values":[0.7069,-0.6636,0.2447,0,-0.0395,0.3084,0.9504,0,0.7062,0.6815,-0.1918,0,0.2225,0.0768,0.3993,1]},
{"frame":144,"values":[0.7066,-0.6636,0.2458,0,-0.0417,0.3077,0.9506,0,0.7064,0.6819,-0.1897,0,0.2214,0.076,0.4003,1]},
{"frame":145,"values":[0.7065,-0.6637,0.2459,0,-0.0427,0.3068,0.9508,0,0.7065,0.6822,-0.1884,0,0.221,0.0757,0.4007,1]},
{"frame":146,"values":[0.7066,-0.6636,0.2455,0,-0.043,0.306,0.9511,0,0.7063,0.6826,-0.1877,0,0.2214,0.0762,0.4007,1]},
{"frame":147,"values":[0.7077,-0.6626,0.2451,0,-0.0433,0.3056,0.9512,0,0.7052,0.6838,-0.1875,0,0.2227,0.0777,0.4006,1]},
{"frame":148,"values":[0.7105,-0.6599,0.2445,0,-0.044,0.3052,0.9513,0,0.7023,0.6866,-0.1878,0,0.2243,0.0796,0.4003,1]},
{"frame":149,"values":[0.7153,-0.6549,0.2437,0,-0.0452,0.3046,0.9514,0,0.6973,0.6916,-0.1883,0,0.2255,0.0811,0.3998,1]},
{"frame":150,"values":[0.7219,-0.6481,0.2425,0,-0.0472,0.3035,0.9517,0,0.6904,0.6984,-0.1885,0,0.226,0.0817,0.399,1]},
{"frame":151,"values":[0.7306,-0.6386,0.2415,0,-0.0505,0.3022,0.9519,0,0.6809,0.7077,-0.1886,0,0.2259,0.0816,0.3981,1]},
{"frame":152,"values":[0.7422,-0.6252,0.2412,0,-0.0558,0.301,0.952,0,0.6678,0.7201,-0.1885,0,0.2256,0.0812,0.3972,1]},
{"frame":153,"values":[0.7564,-0.6079,0.2414,0,-0.0631,0.2996,0.952,0,0.6511,0.7353,-0.1883,0,0.2251,0.0806,0.3962,1]},
{"frame":154,"values":[0.7727,-0.5867,0.2423,0,-0.0722,0.298,0.9518,0,0.6307,0.753,-0.1879,0,0.2245,0.0799,0.3952,1]},
{"frame":155,"values":[0.7907,-0.5616,0.2438,0,-0.083,0.2962,0.9515,0,0.6065,0.7726,-0.1876,0,0.2237,0.0789,0.3942,1]},
{"frame":156,"values":[0.8099,-0.5325,0.2458,0,-0.0954,0.2938,0.9511,0,0.5787,0.7938,-0.1872,0,0.2228,0.0778,0.3931,1]},
{"frame":157,"values":[0.8299,-0.4997,0.2482,0,-0.1092,0.2908,0.9505,0,0.5472,0.8159,-0.1868,0,0.2217,0.0765,0.3919,1]},
{"frame":158,"values":[0.8499,-0.4631,0.2512,0,-0.1243,0.2871,0.9498,0,0.512,0.8385,-0.1865,0,0.2206,0.0751,0.3907,1]},
{"frame":159,"values":[0.8696,-0.4232,0.2546,0,-0.1403,0.2825,0.9489,0,0.4735,0.8609,-0.1863,0,0.2193,0.0735,0.3895,1]},
{"frame":160,"values":[0.8882,-0.38,0.2583,0,-0.1572,0.2769,0.9479,0,0.4318,0.8825,-0.1862,0,0.2179,0.0719,0.3882,1]},
{"frame":161,"values":[0.9053,-0.3342,0.2623,0,-0.1746,0.2703,0.9468,0,0.3873,0.9029,-0.1864,0,0.2165,0.0701,0.3868,1]},
{"frame":162,"values":[0.9204,-0.2861,0.2665,0,-0.1922,0.2627,0.9456,0,0.3406,0.9215,-0.1868,0,0.215,0.0683,0.3854,1]},
{"frame":163,"values":[0.9331,-0.2365,0.2709,0,-0.2098,0.254,0.9442,0,0.2921,0.9378,-0.1874,0,0.2135,0.0665,0.384,1]},
{"frame":164,"values":[0.9432,-0.186,0.2753,0,-0.227,0.2444,0.9427,0,0.2426,0.9517,-0.1883,0,0.212,0.0646,0.3825,1]},
{"frame":165,"values":[0.9505,-0.1353,0.2798,0,-0.2437,0.2339,0.9412,0,0.1928,0.9628,-0.1893,0,0.2104,0.0628,0.3809,1]},
{"frame":166,"values":[0.955,-0.0853,0.2841,0,-0.2596,0.2228,0.9397,0,0.1434,0.9711,-0.1907,0,0.2089,0.0609,0.3792,1]},
{"frame":167,"values":[0.9569,-0.0365,0.2882,0,-0.2745,0.2113,0.9381,0,0.0952,0.9767,-0.1921,0,0.2074,0.0591,0.3775,1]},
{"frame":168,"values":[0.9563,0.0102,0.2921,0,-0.2882,0.1996,0.9365,0,0.0488,0.9798,-0.1938,0,0.206,0.0574,0.3758,1]},
{"frame":169,"values":[0.9537,0.0542,0.2958,0,-0.3006,0.1879,0.935,0,0.0049,0.9807,-0.1955,0,0.2047,0.0557,0.374,1]},
{"frame":170,"values":[0.9495,0.0949,0.2991,0,-0.3117,0.1765,0.9336,0,-0.0358,0.9797,-0.1972,0,0.2034,0.0542,0.3721,1]},
{"frame":171,"values":[0.9441,0.1319,0.302,0,-0.3214,0.1658,0.9323,0,-0.073,0.9773,-0.1989,0,0.2022,0.0527,0.3701,1]},
{"frame":172,"values":[0.9381,0.1648,0.3046,0,-0.3297,0.1558,0.9312,0,-0.106,0.9739,-0.2005,0,0.2011,0.0515,0.3681,1]},
{"frame":173,"values":[0.932,0.1931,0.3067,0,-0.3365,0.1469,0.9301,0,-0.1346,0.9701,-0.2019,0,0.2002,0.0503,0.3661,1]},
{"frame":174,"values":[0.9262,0.2167,0.3084,0,-0.3421,0.1393,0.9293,0,-0.1584,0.9662,-0.2032,0,0.1994,0.0494,0.3639,1]},
{"frame":175,"values":[0.9212,0.2353,0.3097,0,-0.3462,0.1331,0.9287,0,-0.1773,0.9628,-0.2041,0,0.1988,0.0486,0.3618,1]},
{"frame":176,"values":[0.9174,0.2487,0.3106,0,-0.3491,0.1285,0.9282,0,-0.1909,0.96,-0.2048,0,0.1983,0.0481,0.3595,1]},
{"frame":177,"values":[0.9151,0.2568,0.311,0,-0.3507,0.1257,0.928,0,-0.1992,0.9583,-0.2051,0,0.1981,0.0477,0.3572,1]},
{"frame":178,"values":[0.9144,0.2593,0.311,0,-0.351,0.1247,0.928,0,-0.2019,0.9577,-0.205,0,0.198,0.0476,0.3549,1]},
{"frame":179,"values":[0.9146,0.2589,0.3104,0,-0.3508,0.1267,0.9278,0,-0.2009,0.9575,-0.2068,0,0.1982,0.0485,0.3518,1]},
{"frame":180,"values":[0.9153,0.2581,0.3094,0,-0.3508,0.1328,0.927,0,-0.1982,0.9569,-0.2121,0,0.199,0.0509,0.3475,1]},
{"frame":181,"values":[0.9163,0.2562,0.3077,0,-0.3504,0.1408,0.926,0,-0.1939,0.9563,-0.2188,0,0.2003,0.0541,0.3431,1]},
{"frame":182,"values":[0.9179,0.2529,0.3059,0,-0.349,0.1475,0.9254,0,-0.1889,0.9562,-0.2237,0,0.2018,0.0565,0.34,1]},
{"frame":183,"values":[0.9197,0.2484,0.304,0,-0.3467,0.1506,0.9258,0,-0.1842,0.9569,-0.2246,0,0.2031,0.0574,0.339,1]},
{"frame":184,"values":[0.9221,0.2428,0.3013,0,-0.3428,0.1513,0.9271,0,-0.1795,0.9582,-0.2228,0,0.2044,0.0572,0.3391,1]},
{"frame":185,"values":[0.9252,0.2361,0.2972,0,-0.3371,0.1511,0.9293,0,-0.1745,0.9599,-0.2194,0,0.2059,0.0566,0.3393,1]},
{"frame":186,"values":[0.9288,0.2285,0.2917,0,-0.3296,0.1501,0.9321,0,-0.1692,0.9619,-0.2147,0,0.2075,0.0557,0.3398,1]},
{"frame":187,"values":[0.933,0.2199,0.2848,0,-0.3205,0.1483,0.9356,0,-0.1635,0.9642,-0.2089,0,0.2092,0.0545,0.3403,1]},
{"frame":188,"values":[0.9376,0.2106,0.2767,0,-0.31,0.1457,0.9395,0,-0.1575,0.9666,-0.2019,0,0.211,0.0529,0.3411,1]},
{"frame":189,"values":[0.9424,0.2006,0.2675,0,-0.2982,0.1424,0.9438,0,-0.1512,0.9693,-0.1941,0,0.2129,0.0512,0.3419,1]},
{"frame":190,"values":[0.9475,0.1901,0.2573,0,-0.2853,0.1385,0.9484,0,-0.1447,0.972,-0.1854,0,0.2149,0.0492,0.3428,1]},
{"frame":191,"values":[0.9526,0.1791,0.2461,0,-0.2714,0.1338,0.9531,0,-0.1378,0.9747,-0.1761,0,0.2169,0.047,0.3439,1]},
{"frame":192,"values":[0.9576,0.1678,0.2341,0,-0.2567,0.1286,0.9579,0,-0.1307,0.9774,-0.1662,0,0.2189,0.0446,0.345,1]},
{"frame":193,"values":[0.9626,0.1564,0.2214,0,-0.2413,0.1228,0.9626,0,-0.1233,0.98,-0.1559,0,0.221,0.0421,0.3462,1]},
{"frame":194,"values":[0.9673,0.1448,0.2081,0,-0.2255,0.1165,0.9672,0,-0.1158,0.9826,-0.1453,0,0.2231,0.0395,0.3474,1]},
{"frame":195,"values":[0.9718,0.1332,0.1944,0,-0.2094,0.1098,0.9717,0,-0.1081,0.985,-0.1346,0,0.2251,0.0369,0.3486,1]},
{"frame":196,"values":[0.976,0.1217,0.1803,0,-0.1931,0.1027,0.9758,0,-0.1003,0.9872,-0.1237,0,0.2272,0.0341,0.3499,1]},
{"frame":197,"values":[0.9799,0.1105,0.1661,0,-0.1768,0.0953,0.9796,0,-0.0924,0.9893,-0.113,0,0.2292,0.0314,0.3512,1]},
{"frame":198,"values":[0.9834,0.0995,0.1517,0,-0.1606,0.0878,0.9831,0,-0.0845,0.9912,-0.1023,0,0.2312,0.0286,0.3525,1]},
{"frame":199,"values":[0.9865,0.0889,0.1374,0,-0.1446,0.0801,0.9862,0,-0.0766,0.9928,-0.0919,0,0.2331,0.0259,0.3538,1]},
{"frame":200,"values":[0.9892,0.0787,0.1234,0,-0.1291,0.0724,0.989,0,-0.0689,0.9943,-0.0818,0,0.235,0.0232,0.3551,1]},
{"frame":201,"values":[0.9916,0.0689,0.1096,0,-0.114,0.0647,0.9914,0,-0.0612,0.9955,-0.072,0,0.2367,0.0206,0.3563,1]},
{"frame":202,"values":[0.9936,0.0597,0.0962,0,-0.0996,0.0572,0.9934,0,-0.0538,0.9966,-0.0627,0,0.2384,0.018,0.3575,1]},
{"frame":203,"values":[0.9952,0.0511,0.0833,0,-0.0859,0.0498,0.9951,0,-0.0467,0.9974,-0.054,0,0.2401,0.0156,0.3586,1]},
{"frame":204,"values":[0.9965,0.0431,0.0711,0,-0.0729,0.0427,0.9964,0,-0.0399,0.9982,-0.0457,0,0.2416,0.0133,0.3597,1]},
{"frame":205,"values":[0.9976,0.0357,0.0596,0,-0.0609,0.036,0.9975,0,-0.0335,0.9987,-0.0381,0,0.243,0.0112,0.3608,1]},
{"frame":206,"values":[0.9984,0.029,0.0489,0,-0.0498,0.0297,0.9983,0,-0.0275,0.9991,-0.0311,0,0.2443,0.0092,0.3617,1]},
{"frame":207,"values":[0.999,0.023,0.0391,0,-0.0397,0.0238,0.9989,0,-0.022,0.9995,-0.0247,0,0.2454,0.0073,0.3626,1]},
{"frame":208,"values":[0.9994,0.0176,0.0303,0,-0.0306,0.0185,0.9994,0,-0.0171,0.9997,-0.019,0,0.2465,0.0057,0.3633,1]},
{"frame":209,"values":[0.9997,0.013,0.0225,0,-0.0226,0.0138,0.9996,0,-0.0127,0.9998,-0.0141,0,0.2474,0.0042,0.364,1]},
{"frame":210,"values":[0.9998,0.009,0.0157,0,-0.0158,0.0097,0.9998,0,-0.0089,0.9999,-0.0098,0,0.2482,0.003,0.3646,1]},
{"frame":211,"values":[0.9999,0.0058,0.0102,0,-0.0102,0.0063,0.9999,0,-0.0057,1,-0.0063,0,0.2488,0.0019,0.3651,1]},
{"frame":212,"values":[1,0.0033,0.0058,0,-0.0058,0.0036,1,0,-0.0032,1,-0.0036,0,0.2493,0.0011,0.3655,1]},
{"frame":213,"values":[1,0.0015,0.0026,0,-0.0026,0.0016,1,0,-0.0015,1,-0.0016,0,0.2497,0.0005,0.3658,1]},
{"frame":214,"values":[1,0.0004,0.0006,0,-0.0006,0.0004,1,0,-0.0004,1,-0.0004,0,0.2499,0.0001,0.366,1]},
{"frame":215,"values":[1,0,0,0,0,0,1,0,0,1,0,0,0.25,0,0.366,1]},
{"frame":220,"values":[1,0,0,0,0,0,1,0,0,1,0,0,0.25,0,0.366,1]},
{"frame":221,"values":[1,-0.0013,0,0,0,0.0005,1,0,0.0013,1,-0.0005,0,0.25,0.0001,0.366,1]},
{"frame":222,"values":[1,-0.0054,0.0002,0,-0.0002,0.0021,1,0,0.0054,1,-0.0021,0,0.2499,0.0005,0.3662,1]},
{"frame":223,"values":[0.9999,-0.0122,0.0005,0,-0.0004,0.0048,1,0,0.0122,0.9999,-0.0048,0,0.2498,0.001,0.3663,1]},
{"frame":224,"values":[0.9998,-0.0217,0.0009,0,-0.0007,0.0086,1,0,0.0217,0.9997,-0.0086,0,0.2496,0.0018,0.3666,1]},
{"frame":225,"values":[0.9994,-0.034,0.0015,0,-0.001,0.0135,0.9999,0,0.034,0.9993,-0.0134,0,0.2493,0.0028,0.3669,1]},
{"frame":226,"values":[0.9988,-0.049,0.0023,0,-0.0014,0.0195,0.9998,0,0.0491,0.9986,-0.0194,0,0.249,0.004,0.3672,1]},
{"frame":227,"values":[0.9978,-0.0668,0.0035,0,-0.0017,0.0265,0.9996,0,0.0669,0.9974,-0.0263,0,0.2487,0.0053,0.3676,1]},
{"frame":228,"values":[0.9962,-0.0872,0.005,0,-0.002,0.0347,0.9994,0,0.0873,0.9956,-0.0344,0,0.2483,0.0069,0.3681,1]},
{"frame":229,"values":[0.9939,-0.1101,0.007,0,-0.0022,0.0438,0.999,0,0.1103,0.993,-0.0433,0,0.2479,0.0087,0.3686,1]},
{"frame":230,"values":[0.9908,-0.1354,0.0095,0,-0.0022,0.054,0.9985,0,0.1357,0.9893,-0.0532,0,0.2474,0.0106,0.3692,1]},
{"frame":231,"values":[0.9866,-0.1628,0.0125,0,-0.002,0.0651,0.9979,0,0.1633,0.9845,-0.0639,0,0.247,0.0127,0.3698,1]},
{"frame":232,"values":[0.9812,-0.1922,0.0163,0,-0.0015,0.077,0.997,0,0.1928,0.9783,-0.0753,0,0.2464,0.015,0.3705,1]},
{"frame":233,"values":[0.9746,-0.2231,0.0207,0,-0.0006,0.0897,0.996,0,0.2241,0.9707,-0.0872,0,0.2459,0.0174,0.3711,1]},
{"frame":234,"values":[0.9665,-0.2553,0.0259,0,0.0005,0.1029,0.9947,0,0.2566,0.9614,-0.0996,0,0.2453,0.02,0.3719,1]},
{"frame":235,"values":[0.957,-0.2884,0.0319,0,0.0021,0.1166,0.9932,0,0.2902,0.9504,-0.1122,0,0.2447,0.0227,0.3726,1]},
{"frame":236,"values":[0.946,-0.3219,0.0386,0,0.004,0.1307,0.9914,0,0.3242,0.9377,-0.1249,0,0.244,0.0256,0.3734,1]},
{"frame":237,"values":[0.9336,-0.3555,0.0461,0,0.0063,0.1449,0.9894,0,0.3584,0.9234,-0.1375,0,0.2434,0.0285,0.3742,1]},
{"frame":238,"values":[0.9198,-0.3886,0.0543,0,0.0089,0.1591,0.9872,0,0.3922,0.9076,-0.1498,0,0.2427,0.0316,0.3751,1]},
{"frame":239,"values":[0.9049,-0.4208,0.0631,0,0.0118,0.1731,0.9848,0,0.4254,0.8905,-0.1616,0,0.242,0.0347,0.3759,1]},
{"frame":240,"values":[0.8891,-0.4519,0.0724,0,0.0149,0.1868,0.9823,0,0.4574,0.8723,-0.1729,0,0.2413,0.038,0.3768,1]},
{"frame":241,"values":[0.8726,-0.4814,0.0822,0,0.0181,0.2001,0.9796,0,0.488,0.8534,-0.1834,0,0.2407,0.0413,0.3776,1]},
{"frame":242,"values":[0.8558,-0.5091,0.0922,0,0.0214,0.2128,0.9769,0,0.5169,0.834,-0.193,0,0.24,0.0446,0.3785,1]},
{"frame":243,"values":[0.8388,-0.5347,0.1024,0,0.0245,0.2249,0.9741,0,0.5438,0.8146,-0.2017,0,0.2393,0.048,0.3793,1]},
{"frame":244,"values":[0.8221,-0.5581,0.1126,0,0.0274,0.2362,0.9713,0,0.5687,0.7954,-0.2095,0,0.2386,0.0514,0.3801,1]},
{"frame":245,"values":[0.8059,-0.5792,0.1227,0,0.0299,0.2468,0.9686,0,0.5913,0.7769,-0.2162,0,0.238,0.0548,0.3809,1]},
{"frame":246,"values":[0.7904,-0.598,0.1326,0,0.0321,0.2566,0.966,0,0.6117,0.7593,-0.222,0,0.2374,0.0582,0.3817,1]},
{"frame":247,"values":[0.776,-0.6145,0.1421,0,0.0337,0.2655,0.9635,0,0.6298,0.7429,-0.2267,0,0.2368,0.0616,0.3824,1]},
{"frame":248,"values":[0.7629,-0.6286,0.1513,0,0.0347,0.2735,0.9612,0,0.6456,0.728,-0.2305,0,0.2362,0.0649,0.3831,1]},
{"frame":249,"values":[0.7511,-0.6405,0.16,0,0.0351,0.2808,0.9591,0,0.6592,0.7148,-0.2334,0,0.2357,0.0681,0.3837,1]},
{"frame":250,"values":[0.7409,-0.6502,0.1682,0,0.0347,0.2872,0.9572,0,0.6707,0.7034,-0.2353,0,0.2353,0.0713,0.3843,1]},
{"frame":251,"values":[0.7324,-0.6578,0.1758,0,0.0335,0.2928,0.9556,0,0.6801,0.694,-0.2365,0,0.2349,0.0743,0.3848,1]},
{"frame":252,"values":[0.7256,-0.6634,0.1829,0,0.0315,0.2975,0.9542,0,0.6874,0.6866,-0.2368,0,0.2345,0.0771,0.3852,1]},
{"frame":253,"values":[0.7206,-0.667,0.1893,0,0.0287,0.3015,0.953,0,0.6927,0.6813,-0.2364,0,0.2343,0.0798,0.3855,1]},
{"frame":254,"values":[0.7174,-0.6687,0.1951,0,0.025,0.3046,0.9521,0,0.6962,0.6782,-0.2353,0,0.2342,0.0823,0.3857,1]},
{"frame":255,"values":[0.7161,-0.6686,0.2003,0,0.0205,0.307,0.9515,0,0.6977,0.6773,-0.2335,0,0.2341,0.0845,0.3858,1]},
{"frame":256,"values":[0.7161,-0.6671,0.2053,0,0.0148,0.3085,0.9511,0,0.6978,0.678,-0.2308,0,0.2347,0.0868,0.3858,1]},
{"frame":257,"values":[0.717,-0.6646,0.2102,0,0.0078,0.3092,0.951,0,0.697,0.6802,-0.2269,0,0.2364,0.0892,0.3857,1]},
{"frame":258,"values":[0.7189,-0.6609,0.2152,0,-0.0006,0.3091,0.951,0,0.6951,0.6838,-0.2218,0,0.2387,0.0914,0.3857,1]},
{"frame":259,"values":[0.7217,-0.6562,0.2203,0,-0.0103,0.308,0.9513,0,0.6921,0.6888,-0.2155,0,0.2404,0.0928,0.3857,1]},
{"frame":260,"values":[0.7253,-0.6505,0.2253,0,-0.0213,0.306,0.9518,0,0.6881,0.6952,-0.2081,0,0.241,0.0933,0.3856,1]},
{"frame":261,"values":[0.7298,-0.6436,0.2305,0,-0.0336,0.303,0.9524,0,0.6828,0.7028,-0.1995,0,0.2409,0.0929,0.3854,1]},
{"frame":262,"values":[0.7351,-0.6357,0.2357,0,-0.0471,0.2989,0.9531,0,0.6764,0.7117,-0.1898,0,0.2406,0.0916,0.385,1]},
{"frame":263,"values":[0.741,-0.6268,0.241,0,-0.0617,0.2939,0.9538,0,0.6687,0.7216,-0.1791,0,0.2401,0.0896,0.3843,1]},
{"frame":264,"values":[0.7475,-0.6169,0.2465,0,-0.0773,0.2878,0.9546,0,0.6598,0.7326,-0.1674,0,0.2395,0.0867,0.3834,1]},
{"frame":265,"values":[0.7544,-0.6061,0.252,0,-0.0937,0.2806,0.9552,0,0.6497,0.7442,-0.1549,0,0.2386,0.083,0.3823,1]},
{"frame":266,"values":[0.7617,-0.5945,0.2576,0,-0.1107,0.2724,0.9558,0,0.6384,0.7565,-0.1417,0,0.2376,0.0785,0.3809,1]},
{"frame":267,"values":[0.7692,-0.5822,0.2634,0,-0.1281,0.2633,0.9562,0,0.626,0.7692,-0.128,0,0.2364,0.0733,0.3793,1]},
{"frame":268,"values":[0.7768,-0.5693,0.2692,0,-0.1458,0.2534,0.9563,0,0.6126,0.7821,-0.1139,0,0.235,0.0675,0.3776,1]},
{"frame":269,"values":[0.7844,-0.556,0.2751,0,-0.1634,0.2427,0.9562,0,0.5984,0.795,-0.0995,0,0.2335,0.061,0.3756,1]},
{"frame":270,"values":[0.7917,-0.5424,0.281,0,-0.1808,0.2314,0.9559,0,0.5835,0.8076,-0.0852,0,0.2319,0.0541,0.3736,1]},
{"frame":271,"values":[0.7988,-0.5288,0.2869,0,-0.1977,0.2198,0.9553,0,0.5682,0.8198,-0.071,0,0.2302,0.0468,0.3714,1]},
{"frame":272,"values":[0.8054,-0.5153,0.2927,0,-0.2139,0.2079,0.9545,0,0.5527,0.8314,-0.0572,0,0.2285,0.0393,0.3692,1]},
{"frame":273,"values":[0.8117,-0.5022,0.2984,0,-0.2293,0.1959,0.9534,0,0.5373,0.8423,-0.0439,0,0.2267,0.0318,0.3669,1]},
{"frame":274,"values":[0.8173,-0.4895,0.3039,0,-0.2437,0.1842,0.9522,0,0.5221,0.8523,-0.0313,0,0.225,0.0243,0.3647,1]},
{"frame":275,"values":[0.8225,-0.4775,0.3091,0,-0.2569,0.1729,0.9508,0,0.5075,0.8614,-0.0195,0,0.2233,0.017,0.3626,1]},
{"frame":276,"values":[0.827,-0.4663,0.3139,0,-0.2689,0.1621,0.9494,0,0.4936,0.8696,-0.0087,0,0.2217,0.0101,0.3605,1]},
{"frame":277,"values":[0.831,-0.4561,0.3184,0,-0.2797,0.1521,0.948,0,0.4808,0.8768,0.0011,0,0.2202,0.0036,0.3586,1]},
{"frame":278,"values":[0.8345,-0.4469,0.3224,0,-0.2891,0.143,0.9466,0,0.4691,0.8831,0.0098,0,0.2188,-0.0022,0.3569,1]},
{"frame":279,"values":[0.8374,-0.4388,0.3259,0,-0.2972,0.1349,0.9452,0,0.4588,0.8884,0.0174,0,0.2176,-0.0074,0.3554,1]},
{"frame":280,"values":[0.8398,-0.432,0.3289,0,-0.3039,0.128,0.9441,0,0.4499,0.8928,0.0238,0,0.2166,-0.0119,0.354,1]},
{"frame":281,"values":[0.8417,-0.4263,0.3314,0,-0.3094,0.1222,0.943,0,0.4425,0.8963,0.029,0,0.2157,-0.0156,0.353,1]},
{"frame":282,"values":[0.8431,-0.4219,0.3333,0,-0.3136,0.1177,0.9422,0,0.4368,0.899,0.0331,0,0.215,-0.0185,0.3521,1]},
{"frame":283,"values":[0.8442,-0.4188,0.3347,0,-0.3165,0.1145,0.9416,0,0.4327,0.9008,0.0359,0,0.2146,-0.0205,0.3515,1]},
{"frame":284,"values":[0.8448,-0.4169,0.3355,0,-0.3183,0.1125,0.9413,0,0.4302,0.9019,0.0376,0,0.2143,-0.0218,0.3512,1]},
{"frame":285,"values":[0.845,-0.4163,0.3358,0,-0.3189,0.1119,0.9412,0,0.4294,0.9023,0.0382,0,0.2142,-0.0222,0.351,1]},
{"frame":286,"values":[0.8449,-0.4166,0.3356,0,-0.3185,0.1122,0.9412,0,0.4298,0.9021,0.0379,0,0.2142,-0.0221,0.3511,1]},
{"frame":287,"values":[0.8447,-0.4174,0.335,0,-0.3176,0.113,0.9415,0,0.4308,0.9017,0.0371,0,0.2142,-0.0218,0.3512,1]},
{"frame":288,"values":[0.8444,-0.4188,0.3341,0,-0.316,0.1143,0.9418,0,0.4326,0.9009,0.0358,0,0.2143,-0.0213,0.3514,1]},
{"frame":289,"values":[0.8439,-0.4207,0.3328,0,-0.3137,0.1162,0.9424,0,0.4352,0.8997,0.0339,0,0.2144,-0.0207,0.3516,1]},
{"frame":290,"values":[0.8433,-0.4232,0.3312,0,-0.3108,0.1187,0.943,0,0.4384,0.8982,0.0314,0,0.2145,-0.0198,0.3519,1]},
{"frame":291,"values":[0.8426,-0.4263,0.3292,0,-0.3072,0.1217,0.9438,0,0.4424,0.8964,0.0284,0,0.2147,-0.0188,0.3523,1]},
{"frame":292,"values":[0.8417,-0.4299,0.3268,0,-0.3029,0.1252,0.9448,0,0.447,0.8942,0.0249,0,0.2149,-0.0177,0.3527,1]},
{"frame":293,"values":[0.8406,-0.434,0.3241,0,-0.298,0.1292,0.9458,0,0.4524,0.8916,0.0207,0,0.2151,-0.0164,0.3532,1]},
{"frame":294,"values":[0.8393,-0.4387,0.3211,0,-0.2924,0.1337,0.9469,0,0.4584,0.8886,0.0161,0,0.2153,-0.015,0.3537,1]},
{"frame":295,"values":[0.8378,-0.444,0.3177,0,-0.2861,0.1387,0.9481,0,0.465,0.8852,0.0108,0,0.2156,-0.0134,0.3543,1]},
{"frame":296,"values":[0.8361,-0.4498,0.3141,0,-0.2791,0.1441,0.9494,0,0.4722,0.8815,0.005,0,0.2158,-0.0116,0.355,1]},
{"frame":297,"values":[0.8342,-0.456,0.3101,0,-0.2715,0.1499,0.9507,0,0.48,0.8773,-0.0013,0,0.2161,-0.0098,0.3557,1]},
{"frame":298,"values":[0.832,-0.4628,0.3059,0,-0.2632,0.1561,0.952,0,0.4883,0.8726,-0.0081,0,0.2164,-0.0078,0.3564,1]},
{"frame":299,"values":[0.8296,-0.4699,0.3014,0,-0.2543,0.1627,0.9534,0,0.4971,0.8676,-0.0155,0,0.2168,-0.0057,0.3572,1]},
{"frame":300,"values":[0.827,-0.4775,0.2968,0,-0.2447,0.1695,0.9547,0,0.5062,0.8621,-0.0233,0,0.2171,-0.0034,0.358,1]},
{"frame":301,"values":[0.824,-0.4855,0.292,0,-0.2347,0.1766,0.9559,0,0.5157,0.8562,-0.0315,0,0.2175,-0.0011,0.3589,1]},
{"frame":302,"values":[0.8208,-0.4938,0.287,0,-0.2241,0.1838,0.9571,0,0.5254,0.8499,-0.0402,0,0.2179,0.0013,0.3598,1]},
{"frame":303,"values":[0.8174,-0.5024,0.2819,0,-0.213,0.1912,0.9582,0,0.5353,0.8432,-0.0492,0,0.2183,0.0039,0.3607,1]},
{"frame":304,"values":[0.8136,-0.5113,0.2768,0,-0.2015,0.1986,0.9591,0,0.5454,0.8362,-0.0586,0,0.2187,0.0065,0.3616,1]},
{"frame":305,"values":[0.8096,-0.5203,0.2716,0,-0.1896,0.2061,0.96,0,0.5554,0.8287,-0.0682,0,0.2192,0.0093,0.3626,1]},
{"frame":306,"values":[0.8054,-0.5294,0.2665,0,-0.1775,0.2136,0.9607,0,0.5655,0.821,-0.078,0,0.2197,0.0121,0.3636,1]},
{"frame":307,"values":[0.801,-0.5386,0.2614,0,-0.1651,0.2209,0.9612,0,0.5755,0.8131,-0.088,0,0.2201,0.015,0.3647,1]},
{"frame":308,"values":[0.7963,-0.5478,0.2563,0,-0.1526,0.2281,0.9616,0,0.5853,0.8049,-0.0981,0,0.2206,0.018,0.3657,1]},
{"frame":309,"values":[0.7915,-0.557,0.2514,0,-0.14,0.2352,0.9618,0,0.5949,0.7965,-0.1081,0,0.2212,0.021,0.3668,1]},
{"frame":310,"values":[0.7866,-0.5661,0.2466,0,-0.1275,0.242,0.9619,0,0.6042,0.788,-0.1182,0,0.2217,0.0241,0.3679,1]},
{"frame":311,"values":[0.7816,-0.575,0.242,0,-0.115,0.2485,0.9618,0,0.6131,0.7795,-0.1281,0,0.2222,0.0273,0.369,1]},
{"frame":312,"values":[0.7765,-0.5836,0.2376,0,-0.1028,0.2547,0.9615,0,0.6217,0.771,-0.1378,0,0.2228,0.0305,0.3701,1]},
{"frame":313,"values":[0.7714,-0.592,0.2334,0,-0.0908,0.2607,0.9612,0,0.6299,0.7626,-0.1473,0,0.2233,0.0337,0.3713,1]},
{"frame":314,"values":[0.7663,-0.6001,0.2295,0,-0.0792,0.2662,0.9607,0,0.6376,0.7543,-0.1565,0,0.2239,0.037,0.3724,1]},
{"frame":315,"values":[0.7613,-0.6079,0.2257,0,-0.0679,0.2714,0.9601,0,0.6449,0.7462,-0.1653,0,0.2245,0.0404,0.3735,1]},
{"frame":316,"values":[0.7564,-0.6153,0.2223,0,-0.0572,0.2763,0.9594,0,0.6517,0.7383,-0.1738,0,0.2251,0.0437,0.3747,1]},
{"frame":317,"values":[0.7516,-0.6222,0.2191,0,-0.047,0.2808,0.9586,0,0.658,0.7308,-0.1818,0,0.2257,0.0471,0.3758,1]},
{"frame":318,"values":[0.747,-0.6287,0.2161,0,-0.0374,0.2848,0.9578,0,0.6638,0.7236,-0.1893,0,0.2264,0.0504,0.3769,1]},
{"frame":319,"values":[0.7427,-0.6348,0.2134,0,-0.0284,0.2886,0.957,0,0.6691,0.7168,-0.1963,0,0.227,0.0538,0.3779,1]},
{"frame":320,"values":[0.7386,-0.6403,0.211,0,-0.0201,0.2919,0.9562,0,0.6739,0.7105,-0.2027,0,0.2276,0.0571,0.379,1]},
{"frame":321,"values":[0.7347,-0.6454,0.2088,0,-0.0125,0.2949,0.9555,0,0.6782,0.7046,-0.2086,0,0.2283,0.0604,0.38,1]},
{"frame":322,"values":[0.7312,-0.65,0.2069,0,-0.0057,0.2975,0.9547,0,0.6821,0.6993,-0.2138,0,0.2289,0.0636,0.381,1]},
{"frame":323,"values":[0.728,-0.6541,0.2053,0,0.0003,0.2998,0.954,0,0.6855,0.6945,-0.2185,0,0.2296,0.0668,0.3819,1]},
{"frame":324,"values":[0.7252,-0.6577,0.2039,0,0.0056,0.3017,0.9534,0,0.6885,0.6902,-0.2225,0,0.2302,0.0698,0.3828,1]},
{"frame":325,"values":[0.7227,-0.6607,0.2027,0,0.0101,0.3034,0.9528,0,0.6911,0.6866,-0.2259,0,0.2309,0.0728,0.3836,1]},
